#method=quickcheck
#elapsed_picoseconds=175440000
1
16
2
0
843
1258
3
4
1
5
205
1277
1
1
71
33
407
6
10
1
28
1
0
1998
9
1
322
119
7
1
1
21
0
9
197
138
14
1
2248
282
0
217
6
1
16
1
1890
119
2259
415
11
1
1
1351
0
16
0
16
0
8
6
89
110
76
160
268
1
1
87
0
421
1
14
10
571
12
15
108
6
23
2115
1
1719
95
7
13
232
1
953
9
16
0
0
16
16
1428
216
5
9
0
12
1
23
1406
251
14
0
108
17
1966
237
188
13
1718
3
322
6
232
18
1840
1
189
138
1
1
9
0
1
108
10
3
12
41
6
1
16
1418
0
8
5
1
17
1
1301
2235
4
259
1
14
3
1
381
103
154
1815
14
17
1140
0
100
761
2159
17
660
1330
0
648
270
928
111
1870
88
239
1101
1
1
2085
9
0
0
4
9
171
1
0
12
195
208
14
6
14
0
9
0
7
141
14
32
1
116
604
14
547
1495
15
457
11
19
2
15
0
228
170
75
1
1
1
234
0
166
1887
212
1246
2197
2040
1714
214
0
0
0
1750
1
2
1
143
162
126
15
1
137
21
1
195
1
708
214
7
791
174
538
745
724
1
2
1
87
150
1
11
17
2080
130
476
2137
9
1
152
1360
1
17
207
1196
1908
1080
170
5
12
52
1
0
7
854
58
1
2001
220
263
0
4
1902
0
123
17
0
1
285
1
7
1
211
1
0
1984
134
261
210
2229
1957
0
0
80
1
6
2269
1112
1836
1
1
0
258
155
272
7
0
2107
3
16
485
12
13
856
597
970
15
0
1
0
1
3
0
17
591
1
15
0
200
21
0
15
202
2294
139
16
40
0
141
841
4
1895
234
1169
12
5
919
0
44
195
3
2248
0
26
9
251
1
1
1583
214
0
169
0
256
15
7
121
2
1
15
5
11
13
69
1195
1829
1
578
0
1330
1
0
15
17
1550
2263
1
121
192
244
12
192
1089
0
18
219
828
165
46
517
1043
1
2001
1088
1
1
0
0
1176
418
1
138
133
340
1567
113
109
7
75
3
13
16
38
29
10
71
149
0
67
1435
0
0
5
83
1
5
1382
1
1766
1907
9
16
42
217
63
100
4
891
2017
15
12
1
17
17
73
96
102
1
1686
17
4
209
0
28
13
0
1622
581
11
107
0
10
1021
1024
0
221
0
1
11
118
0
639
14
1
0
9
1
25
103
2127
1863
14
102
3
948
1
1737
429
1
82
255
9
30
978
8
11
72
241
636
845
0
265
141
1
0
58
14
96
2283
971
177
404
1660
9
0
1
0
711
11
0
13
231
5
29
320
0
1325
1324
1001
0
1635
29
1726
1827
1
216
5
253
1686
1
1827
6
1472
8
1
143
1
13
1
472
1
89
1
908
1
1
172
86
16
250
1191
11
1
21
551
0
1
1
0
1
2222
2157
233
127
228
2072
520
39
0
1269
13
4
12
0
10
1508
553
1362
1
10
166
0
1
411
37
1
1
8
1
48
399
0
1651
1692
83
224
21
213
218
777
2121
720
237
162
8
132
1879
181
1933
1
109
1
129
52
12
767
1069
14
0
96
1186
2090
1503
17
64
0
14
1110
1961
11
103
29
131
1533
8
6
1122
2285
0
46
1759
1887
92
75
11
0
0
61
1
1592
168
1488
110
0
10
1629
13
4
10
1512
228
1
782
1
0
1
2296
30
192
14
262
2
25
11
113
10
0
124
1771
9
90
127
239
14
9
11
133
28
940
2
38
13
1
1
170
0
13
0
206
5
148
1
1
6
235
6
0
161
74
0
1
1
144
257
16
1980
1
8
8
0
0
3
10
1
72
15
0
164
1332
2
444
7
0
11
1
0
148
2287
15
0
1
0
0
337
14
4
11
1322
342
240
172
0
142
1445
7
0
5
256
255
14
897
173
23
8
1259
1
137
1162
189
266
632
1
84
3
302
480
2214
14
229
270
13
1
17
1537
0
909
1
5
12
14
203
0
76
0
123
19
137
1
0
1356
108
29
1
3
2242
118
14
238
1812
503
327
548
11
4
1
2
5
279
11
9
0
100
1477
1122
1
1
9
1
1
0
242
0
10
2
134
1
1
1
195
217
240
40
0
724
2
0
2
11
1502
50
15
262
249
1845
1
2147
1846
3
14
5
679
2110
4
242
717
1
1815
12
1660
221
1
1102
12
1
12
105
1632
1
59
145
1473
271
222
0
13
1518
1
7
6
1034
2246
0
494
1632
34
7
0
0
0
5
0
604
0
122
68
0
0
1
258
15
489
5
9
961
0
0
111
11
1
62
181
13
0
0
11
190
8
578
1109
4
262
8
3
1849
740
1
3
1908
1632
188
73
7
2161
0
6
2037
261
768
1907
1
1547
319
73
9
0
2120
10
210
0
2
71
0
1074
