#method=quickcheck
#elapsed_picoseconds=188890000
70
55
2288
117
2309
2457
74
2495
2377
2413
29
2450
28
2466
29
2486
111
1555
2451
2382
2471
2317
120
2439
2223
2446
2337
2494
2347
2305
2491
1544
2478
372
2437
2465
2471
9
7
2224
2292
2297
2294
2224
1760
2377
73
45
2357
2293
646
2180
119
108
2443
2345
2012
2456
156
1488
2310
2461
2474
2306
2186
2379
1116
2436
2437
2206
101
2314
2488
15
72
83
2441
2211
2457
2490
2345
721
648
2248
110
550
2469
56
91
2
2406
622
1438
1257
2492
2412
2472
307
101
1859
19
385
337
94
2484
2479
2467
2458
2
2207
2446
2385
2491
122
2478
2398
2341
1886
1573
54
448
2064
422
822
114
14
1513
286
94
2291
113
15
1134
62
2440
112
1967
2464
124
2452
1959
2363
118
2490
91
65
2440
13
2478
1315
835
2460
1517
2491
1527
2225
657
77
2489
305
2250
710
2274
2426
2461
36
2481
2487
45
1523
105
2387
2446
1586
28
2141
1548
551
54
2481
2442
2440
49
2477
1
2404
1272
116
2454
89
2310
212
116
2384
600
2257
1850
2344
662
13
2389
2243
14
2287
1833
32
2434
1721
17
1588
1697
2275
821
2495
278
2334
2196
114
2044
35
96
1655
39
2339
45
443
2482
2492
2446
109
2347
2476
2337
2301
101
2445
2482
2491
964
2219
2406
2189
1216
748
896
2326
31
2487
2445
2461
32
2245
2273
2266
2455
2403
2491
76
36
2342
2432
213
2268
2470
299
2304
1114
2474
175
1142
2354
14
2468
2434
2366
2457
2247
21
2490
1418
2320
76
2474
113
1645
85
360
36
2236
2477
2455
2382
2353
2211
458
1401
285
2455
2469
2474
97
2356
2214
6
66
72
2357
2367
2490
2495
1572
2481
2260
781
72
340
2450
2468
373
2437
2478
2481
2460
620
589
1377
2323
1495
82
2246
2483
2476
25
2491
2276
124
2489
638
2458
28
2377
2197
2310
2394
1836
2485
2469
2443
715
1884
103
2453
367
6
2484
2451
2265
1375
1651
1089
2443
1733
52
2105
2493
2486
1108
1133
20
2426
2303
2434
2179
2494
116
2480
2463
51
1945
2440
661
1379
34
459
1853
2453
2182
2256
42
2484
2492
2325
2345
2465
2432
872
17
2467
110
2423
1717
1543
2262
84
2238
2487
2470
2320
9
2283
699
1136
25
2323
2449
44
2268
2420
57
2480
2444
2359
162
33
2298
2472
1800
78
2424
2476
69
2435
2452
2194
87
697
461
2360
70
57
2485
2187
120
2411
1418
83
2236
1328
14
2472
2204
2349
81
2435
2440
2364
2206
79
95
2193
2441
2482
2472
56
373
2337
2438
2470
2199
2304
2489
2254
1926
1694
99
2491
38
2400
31
986
2262
37
2492
841
12
40
1567
2465
1848
2495
18
22
2230
2451
1820
75
100
1104
450
2223
2471
1750
77
463
1894
65
24
2480
385
320
124
2462
86
2440
2458
2276
1868
2455
1967
27
788
2483
115
2407
29
105
61
2294
121
2268
2308
43
2400
1432
1080
46
2495
2464
2474
2475
28
2215
89
610
2483
2373
2374
2360
2307
2356
12
2235
329
1394
682
2470
82
442
93
2447
2332
1393
357
2256
95
2453
1972
2405
2449
2482
2474
109
2272
15
118
2403
53
2471
2477
2264
2057
2450
2480
81
2232
2438
1529
2060
2454
1144
5
2408
2297
23
63
2455
1549
908
85
2481
2437
325
1793
125
2494
685
2340
2488
30
1451
2278
102
2450
2232
276
4
2290
2452
2273
71
2373
1531
2435
71
388
2367
2490
2495
2206
1886
879
2196
2193
104
502
2478
2441
2256
2465
2326
2439
2365
64
2299
2177
240
781
2461
2450
2426
1382
2397
19
115
2482
2202
2490
2491
2282
2376
2347
1710
10
15
1433
2445
1966
78
1505
2272
2469
1320
17
1945
675
39
2485
57
2488
627
2473
2486
2350
2331
122
7
41
35
1178
2464
2246
1603
2444
2493
2474
1623
51
2491
1480
2240
2324
2481
2477
1197
2280
628
2361
2436
102
59
6
714
4
91
2181
2484
2454
2346
2005
2315
2317
56
2415
2279
49
2157
86
2447
68
86
76
173
122
961
2199
2477
2478
1292
12
112
961
1841
2490
2167
2343
2425
829
2443
2356
2264
2176
2434
2378
5
388
2485
2323
2455
1383
2193
2194
2260
1747
1883
2435
2326
30
71
213
1012
27
1777
2216
2416
2476
2232
2485
46
44
2460
1689
1106
2449
1440
2376
2186
816
2446
2472
57
2480
2462
2461
2492
518
278
1398
743
2441
41
14
1056
109
39
1252
2267
2279
2385
2460
55
1764
1134
2493
2432
2438
2372
125
1538
2385
2438
2446
27
2477
946
77
2125
2354
2320
290
63
2446
2472
2284
2193
33
52
1885
72
89
78
10
1495
635
61
110
294
114
44
1469
1674
1137
87
2184
2209
2053
2491
2242
2372
1318
988
1497
2193
58
2321
2271
2418
27
2489
2487
789
524
937
57
483
2458
2468
1440
2491
2176
77
2471
2295
1925
2069
431
2226
39
1211
2434
2362
2443
2440
2476
653
2452
96
595
2407
1777
1650
2119
62
2470
937
486
127
2482
34
2451
50
2400
2262
1486
2440
2433
1567
2448
842
68
104
2373
2208
346
2191
2449
2348
48
1068
2435
2447
2424
2479
106
1390
2254
2474
2464
96
2434
1013
1
2487
2467
2455
2243
2394
2477
2446
10
2483
97
2445
1041
84
370
2475
39
117
31
2376
63
2453
43
104
2312
2196
2405
2279
2447
2071
2465
2337
1555
426
2486
53
51
2352
186
330
96
2469
1
2484
2488
60
32
2183
2475
1484
72
2408
745
127
2211
64
26
2480
2311
40
