#method=quickcheck
#elapsed_picoseconds=202951000
1658
1084
831
1493
1292
1420
591
760
1873
870
1717
862
1894
1808
798
712
1869
1883
127
1512
2043
1426
1881
601
1898
1318
886
678
1414
138
209
1656
845
81
246
1518
1295
56
1356
250
285
1684
2045
1144
150
1590
249
2022
1599
1008
1435
1414
665
1995
1888
2003
1009
1805
1627
1187
801
391
1116
1754
1563
1781
1944
1324
810
563
1758
975
446
589
2043
652
108
1325
114
1315
30
1768
1498
1775
1196
197
405
365
1537
527
4
1261
1175
1489
833
372
1276
78
1783
805
1294
1293
1354
5
1750
915
759
555
785
393
1058
880
1860
734
432
79
1239
501
635
1294
754
1055
1775
1834
1750
1726
2026
1108
632
210
727
2010
31
1814
1271
1807
478
1164
387
1968
381
1893
2034
1723
1399
197
1226
877
1141
1941
1618
90
950
725
791
1018
1858
1557
1004
219
193
1471
1670
752
1151
219
633
1481
1751
195
1572
378
1378
543
1788
650
1476
697
741
826
1218
314
1837
1285
961
654
532
502
1768
25
1382
1875
1389
314
1609
1195
433
1344
1492
1113
1745
1193
755
1294
292
375
1827
1405
836
870
1335
960
1591
87
1593
1516
1635
370
1190
1731
1753
537
2025
1264
332
333
1126
641
756
1845
1121
809
1105
1499
677
852
373
1897
1775
841
902
201
1114
1821
358
134
129
968
1712
880
580
162
542
450
287
957
1958
318
109
423
213
485
373
1911
1134
1957
554
177
1673
201
1622
1290
1319
2026
1870
1242
435
1316
810
616
1602
636
1155
1519
256
2031
399
1167
781
1900
1246
1660
1021
861
1640
1083
699
1823
11
426
493
1448
1313
266
361
1587
385
1436
1718
873
1026
1762
488
1954
1614
716
213
641
43
506
1737
746
1760
1840
42
72
694
208
1798
1651
382
1978
1587
999
1634
266
1532
1874
1626
1774
40
271
765
337
596
1739
507
34
1542
1041
473
61
1108
399
660
1169
879
7
1204
167
604
1887
1092
313
252
1193
573
165
1477
1397
158
641
1955
144
292
1825
232
684
1592
752
1133
454
1398
1424
1117
657
356
1301
1637
917
1861
632
295
1021
1581
971
1077
1584
1061
1229
1837
2041
1516
197
1004
684
1575
672
394
1464
2027
308
616
1192
1570
352
2
553
2022
459
1457
754
1969
305
2041
936
313
806
1716
299
551
1693
1375
740
1936
563
1885
60
552
1547
894
215
1188
900
834
1646
1143
1531
1306
1215
1243
469
808
1444
312
437
1010
797
726
1883
296
676
72
961
139
702
2045
407
1008
1268
449
11
1211
308
1922
1618
901
1666
271
1247
1587
1488
1430
1476
629
1853
34
1737
653
1081
2018
1464
343
541
598
556
1352
558
352
1934
147
647
1519
727
684
116
1349
237
473
1481
37
1193
1566
1685
1435
1687
1758
1292
1313
116
1481
1650
1089
1656
1937
1978
599
1174
1157
735
216
1907
77
1940
618
1872
1047
1918
1569
536
887
1763
444
557
1842
352
31
1235
1689
1693
1010
427
780
1154
731
696
1431
1020
872
1390
553
1130
1980
614
1687
1886
62
456
1997
570
211
583
510
1725
1152
280
47
898
1891
889
1761
504
859
266
1872
1680
783
1524
364
408
1521
172
48
1142
833
1620
457
34
231
284
400
1351
161
418
1209
381
427
1628
397
333
2014
1907
788
68
903
1890
938
1478
415
745
886
1987
939
1622
1410
889
1173
1201
876
669
341
973
495
379
309
395
1100
766
1803
672
1645
1591
541
122
1009
998
1384
1743
626
924
1726
288
966
1654
284
1182
1528
1018
1579
304
1017
1040
1472
171
547
1602
1942
1451
1143
1684
419
402
1133
2018
183
1106
1080
413
642
1358
1915
1893
1932
614
158
346
1506
1981
996
1639
298
1645
1475
33
126
2036
1322
1000
411
1295
1639
1270
1095
333
372
217
321
1358
1146
480
249
908
589
220
912
1592
838
120
1611
1411
799
1575
795
1016
853
97
1207
1141
357
1799
1002
973
1332
116
1411
1147
1880
945
1313
1075
1444
1731
1031
883
164
626
752
782
121
1889
21
1345
1040
1513
1052
875
27
1097
1309
1168
1865
211
1116
1284
1577
291
187
1759
809
422
1536
474
916
1957
484
612
1874
408
1763
1317
195
66
1083
905
1754
1062
855
1230
322
1509
1047
263
1458
735
1808
943
1330
569
1241
1557
866
575
336
826
2020
1272
1905
1604
1375
800
221
602
1895
835
352
1276
1615
1085
842
1482
164
521
2010
1989
1827
992
1145
483
1984
96
1622
288
917
630
1983
1067
874
978
1565
1646
1664
193
2019
904
1824
593
1805
863
1137
164
23
11
187
1864
857
655
1867
295
1009
842
305
117
1922
449
1095
1307
896
1215
570
447
1467
513
1428
1743
193
88
1959
504
1174
1940
518
198
1421
854
659
515
1780
495
788
1802
763
1472
997
1393
696
548
875
622
421
1876
1686
1595
496
1346
807
1998
1793
1777
589
325
1354
365
870
1743
292
1823
589
751
278
2042
1039
1398
1781
582
94
887
1505
1605
1541
159
93
2006
185
1171
1020
1042
1747
1532
1212
100
1617
188
1545
678
1946
1993
401
969
656
1115
1523
201
572
1107
363
543
457
187
234
1547
607
1257
853
1038
1352
396
1344
678
330
858
1943
1000
190
1471
1605
896
323
521
72
1319
380
1772
548
215
424
89
860
957
1332
981
930
1046
43
364
722
593
1733
1875
1973
1596
