#method=quickcheck
#elapsed_picoseconds=223852000
13
4694
3643
77
103
70
66
6283
1280
3762
6281
6279
23
6286
6281
6198
58
1059
29
1204
127
71
677
109
32
6285
4809
5333
4904
1413
11
2733
972
6284
4561
89
6284
111
6272
6281
1859
6282
4381
830
86
836
5806
72
1110
6275
3663
6281
46
6277
49
6277
6276
6286
6277
437
6285
2888
6278
4978
58
119
6283
406
6286
6089
5709
3
5708
1958
1699
6286
6281
4630
47
836
3422
1564
563
872
49
102
5302
60
125
4766
457
4412
18
1406
66
5039
4385
4324
6276
955
6272
2558
5513
1604
5827
2852
21
817
686
49
420
2098
858
76
1843
2211
1900
6273
6278
2988
4558
406
6278
52
3319
1857
690
1678
5242
3217
9
6286
164
6281
6281
6280
4775
36
2854
2673
2708
6281
3793
6284
3357
5810
2955
6282
14
54
1747
67
14
2768
6279
6278
5382
1763
1925
6279
6285
30
3847
2145
6274
1977
6077
6
1263
2014
1176
99
5216
6274
6176
149
1445
6286
84
6287
3515
18
6282
40
2167
6273
81
1514
1
4798
75
1255
2161
4740
2528
1167
1500
50
6286
4776
6279
3537
11
6286
6276
119
6272
6285
6280
4419
109
6280
6278
5889
6272
4321
6273
94
97
162
8
1712
1181
6279
5060
5636
3540
121
623
728
20
2273
1153
0
5185
2625
5746
7
75
6286
6273
2048
3836
1290
118
6278
2856
1707
100
6276
6277
6278
62
1155
103
3902
6276
1966
38
5008
4016
5753
2733
5515
930
6280
6283
985
84
3261
3225
2604
49
6282
3144
6275
6280
6277
53
6272
860
1748
117
6277
76
50
6279
235
4748
899
6280
6278
0
3
1218
5310
2410
6275
4953
1
4986
98
926
1078
2913
87
4444
2584
6274
791
6281
83
6277
79
6283
3485
683
239
6272
3180
5299
2704
44
6277
2630
6100
72
1
132
2202
43
6282
249
6280
6285
6281
6283
887
3657
5380
6280
6284
6276
36
1029
653
5497
6281
7
104
78
4764
84
2354
3359
70
115
418
558
3438
85
123
1190
285
60
1166
3877
6272
6284
6277
5677
6274
3539
678
1929
6283
6274
3852
5
41
75
6273
1518
278
2614
6284
6278
112
5944
435
2040
6272
80
328
36
4391
126
23
1268
4799
5777
2815
5762
50
1948
3831
6286
3615
1544
2814
6286
6287
5347
6280
2152
6272
113
2138
1889
4049
52
6275
1801
6273
615
12
97
6275
33
6277
118
2152
10
54
1276
60
1208
161
5337
6275
4352
113
5364
6286
6278
5008
21
6274
6284
2
106
318
1326
6272
6280
40
2794
1517
3439
2133
6278
36
553
5161
6274
122
104
9
3440
26
60
6274
22
3901
1049
6279
6285
721
5781
265
6274
6285
2181
78
100
5437
121
3348
68
4419
6286
6275
6283
110
5064
1547
6283
951
1592
2637
1121
471
1709
2143
491
1834
94
64
6286
526
75
6126
2
1704
1218
2713
4128
2974
1237
64
1258
6278
6284
94
19
24
4121
1127
2605
4231
6284
88
4860
887
4863
6273
6279
6280
6279
911
6280
87
6278
6283
45
88
3053
12
4300
60
2439
6280
6223
591
14
6280
101
6272
1904
41
3132
123
6274
488
2031
704
82
59
58
3757
6273
6273
1522
79
6278
5281
1042
3
1147
2187
33
1922
6272
3892
6287
1188
6280
6272
1187
101
3198
6283
594
33
6279
6284
5697
6286
1281
100
6273
41
1964
1215
6281
1930
1567
14
113
60
709
3712
83
186
6285
5126
6072
6287
6276
890
6285
1130
6277
60
79
55
6286
419
4087
64
5392
989
98
1208
98
52
63
35
3076
5876
6283
82
47
4941
4523
6284
78
6277
21
6277
331
1411
1528
2166
6280
300
6172
172
1107
3530
73
3507
4874
333
6273
19
1818
6282
6278
21
357
1419
6273
782
6287
2
44
6286
119
6282
31
38
2487
1933
2234
63
1903
6286
1822
6280
2219
6272
1558
417
1928
1348
1078
6275
6274
57
6282
4002
1094
1016
71
102
81
473
5
5991
17
1764
5092
1816
5403
20
5569
35
6275
6278
445
5803
896
3874
2818
41
997
2030
6278
1321
6282
50
4527
6278
57
6075
86
17
610
2
109
263
328
421
6279
0
6277
5104
6276
1327
6281
116
4568
5336
6275
6284
37
6277
2106
110
386
6281
17
1638
6276
18
5167
6272
1317
6285
84
6283
6273
6282
434
3359
9
73
1140
5946
6275
4464
65
108
6284
6278
2236
5250
1404
5229
16
3704
6282
33
6272
3667
6276
104
2702
6280
6272
5669
6276
12
2043
74
114
75
1934
2934
1251
6278
6285
4344
6282
6279
228
6283
1901
81
3877
6277
11
2118
6286
1598
6279
3165
45
66
1
603
3257
5410
127
671
97
51
175
9
21
1401
4863
60
39
3748
6283
3203
6272
4005
2011
2018
1906
6281
51
13
2
159
2681
62
3836
3387
34
3604
6274
305
1774
9
6284
396
6272
62
5354
27
6284
1893
4964
33
3532
2520
3513
6279
283
6282
80
3230
123
215
282
33
1692
80
795
23
277
4200
867
1315
12
51
6272
5446
124
1849
45
3716
6283
1315
6283
86
26
6281
5419
4606
100
6285
62
1573
6284
15
59
2099
6286
21
6283
1138
6283
6282
3543
5362
732
84
97
6285
1381
2449
72
2411
124
68
89
5686
2837
340
1067
97
90
6277
4770
1626
119
1899
6277
10
6279
6284
2390
5462
6278
353
120
110
105
6275
346
6279
5042
1808
5932
6273
108
2262
1133
6272
3697
6280
2615
3209
6277
1508
26
4715
6283
6274
5988
3153
3872
89
5785
6182
2905
3568
6285
6274
18
123
558
1912
6278
1435
