#method=quickcheck
#elapsed_picoseconds=192034000
1767
81
2483
50
641
2479
16
2383
1988
2468
2302
2313
4
2449
2418
2178
2456
2192
2283
116
2388
1115
2221
2019
2439
100
2436
88
2442
2329
2448
123
2248
1805
2397
2241
519
1711
2480
699
1829
2447
1676
2423
1901
2298
2359
16
1012
2240
1074
415
2478
666
2485
2455
2117
1244
35
2484
49
2374
2491
181
2301
55
2456
204
2370
2073
2471
2188
2299
2388
86
111
99
46
2441
2483
2371
506
2481
2441
2421
2255
2456
2356
1345
561
2258
44
1711
2483
2400
1248
430
73
1430
2327
2460
2342
514
2248
59
79
2234
2454
967
106
45
9
1534
993
2236
540
2447
2439
1924
1883
2240
115
96
112
1333
37
1906
2429
2465
98
2429
2442
547
83
2489
1948
20
2341
102
2165
2186
25
1668
2314
575
51
2445
1179
1815
34
2296
1826
2
2382
2462
2315
1606
93
2282
2493
2344
84
2441
2109
30
2229
86
368
185
1040
960
2263
2491
88
2470
1488
110
84
2382
2492
2379
2486
1058
95
122
1034
1896
2243
2277
2475
74
2319
60
62
66
2411
1046
1045
2376
2182
773
467
94
458
2203
460
2445
2229
2470
2431
76
2386
1422
637
2418
2272
1225
38
2495
103
2367
2277
1956
117
2422
600
2386
2477
2344
12
2273
72
2335
1301
586
2338
1208
28
2376
694
120
2439
2462
2462
2217
878
2441
80
2487
2219
127
2495
78
2492
6
2475
144
2226
38
91
58
2321
2385
2407
73
2281
2382
2442
2458
1484
1185
1763
2241
96
54
2180
2387
2440
2395
2267
2203
403
2361
2424
2350
2284
21
61
1502
2226
66
92
2402
2197
2471
2486
91
112
2241
2442
2373
2430
2358
2495
85
2436
2486
2440
2491
30
2474
41
66
1422
105
2182
1479
25
2483
2285
2277
2441
53
94
180
2451
1955
59
2467
2216
114
2187
2481
2221
97
2176
2484
392
709
2467
2434
2438
23
2479
2438
2344
887
2475
2440
2399
2476
2452
81
1679
2180
2432
104
189
2478
1353
1585
2493
103
2489
2155
2447
44
2199
1803
45
2460
66
2442
438
1443
456
102
45
2314
2425
34
2363
2032
2463
600
1265
2480
1589
2469
86
2466
2249
2492
2388
100
2346
2181
1414
2210
2433
2432
984
2254
2460
2334
1293
1246
2185
2314
122
966
2452
44
90
2274
2443
0
2291
2177
2350
2318
699
1126
1725
2317
45
2383
2234
2287
1384
1785
2489
1161
63
46
2181
20
2444
2219
2291
84
180
2336
24
57
48
753
1815
2461
121
2439
2314
2190
123
1428
2345
2380
2411
2296
2086
2440
2323
97
1421
2277
1483
2469
2482
757
986
26
58
2447
1457
2451
2426
2348
115
391
372
57
2491
2489
949
1658
2438
120
1409
20
2219
2486
2446
1614
2221
61
1605
108
2373
2192
2287
2396
2446
1819
30
2261
2055
2386
2435
2187
11
2474
76
2325
2493
2436
1119
2261
87
2494
119
27
2471
14
120
64
2468
2451
1356
168
2258
2493
24
57
61
1920
2207
2478
2469
2395
2484
1725
89
2473
2330
2252
90
2440
1406
1548
44
2399
2210
33
2422
113
2444
1106
508
17
2474
2418
2368
2445
812
2467
121
2063
8
2489
2183
13
2198
1393
34
2464
420
2447
2474
2204
2394
2441
2492
2372
2310
908
2348
2444
2398
429
90
837
582
2278
213
2121
626
119
85
2231
1318
345
66
423
2464
1304
2257
1500
2348
78
2489
2160
2439
2242
2217
126
2456
2435
2313
2483
1959
1655
2450
2470
2378
1315
2007
57
1975
83
2333
2475
21
2238
2362
2276
6
2074
55
796
1481
50
1064
2436
2486
2235
2253
2430
1916
2377
1030
2050
2473
127
2444
2349
67
1274
1334
2205
669
2289
2471
76
2291
2463
2447
2032
2466
2442
2326
1948
2445
1107
2200
2473
82
2024
2449
4
110
2447
885
2244
811
2406
2298
1342
2437
217
889
2472
2479
62
1730
2269
2302
2494
893
46
87
2467
2395
109
88
2439
7
18
31
120
1096
2271
2261
67
2223
782
1179
2408
525
128
2437
1784
71
37
2454
127
2288
1143
2303
2021
56
22
2468
2376
34
2454
2051
1971
69
1038
1637
650
2052
27
2395
2492
2254
115
115
2054
1715
2243
1841
2469
2269
1529
127
98
1492
172
2220
2228
1946
119
2352
1219
2491
1419
2463
1873
87
2468
2273
2476
2329
2455
0
638
2187
905
2225
2491
97
666
2450
2286
71
2433
287
2272
603
1051
116
466
2449
1523
1844
2494
145
2495
622
2483
2463
86
2387
1534
2209
760
2482
1062
2378
2490
2340
38
2360
2378
2457
2442
1605
60
2442
2489
2285
1184
471
2284
126
108
28
2365
800
2473
2184
2495
2488
2245
1600
1312
1416
2380
984
527
111
101
37
2181
2355
51
2436
2477
64
2431
2221
1542
2438
2341
103
2439
2353
1532
2450
441
126
2440
79
2493
2441
66
119
1841
2262
614
2355
405
2353
2324
1549
13
2451
106
2421
2206
451
77
2220
2458
105
1092
115
2455
2457
2270
2492
793
48
2186
2261
434
2213
18
2460
2476
279
1106
2471
2335
2142
5
2228
2265
1947
2468
2369
2383
169
1637
2101
13
2226
1341
2432
519
84
1965
2474
1867
23
2299
2494
2312
2483
2190
2188
2214
2438
97
2439
2462
2200
2243
99
226
192
2366
2452
2436
660
2314
114
820
2467
2038
1888
80
82
2447
1492
2294
10
2378
2472
1224
1077
126
25
2344
62
247
1510
20
2475
69
76
2193
2437
2
2470
2336
2176
2403
2239
2188
44
2210
2380
2411
41
56
44
2484
2464
55
493
28
92
2294
2039
2295
2323
123
359
