#method=quickcheck
#elapsed_picoseconds=283881000
12
1
6285
400
6283
6283
6287
97
2291
107
3723
6275
6281
104
4783
1929
6283
39
3818
282
3392
6168
3759
1328
5230
706
1622
6276
6273
6276
363
3716
6273
6281
109
5123
2633
2818
92
1179
127
59
272
6280
929
658
6284
6188
6276
4709
3904
442
6285
6274
2962
44
6282
4186
6285
915
90
52
6284
2781
281
2901
522
6282
687
85
3680
14
492
374
421
3856
66
122
454
2489
5792
4617
4290
6277
58
4846
10
6285
85
4509
25
1045
29
6287
1162
2115
1864
2649
835
26
5072
6276
5418
6279
39
478
51
335
94
5096
723
85
4796
6281
1234
4825
1819
120
6273
61
6285
4018
50
6283
1674
13
5868
6278
6280
100
6274
6276
54
1310
50
945
19
64
931
1639
122
1817
6283
4320
67
6280
6275
3311
6274
6279
100
6285
6285
6107
1030
6284
6272
1769
5921
1219
6282
1936
6283
1698
2474
6277
6273
5817
4618
5512
6286
86
318
1143
6283
3706
4277
6175
3303
6286
2740
1609
90
6279
1986
9
6283
2288
5492
6285
6285
4700
5019
73
2210
2829
6276
2
6283
6280
1949
6273
3245
45
633
452
1199
99
6274
5415
1793
41
1441
2920
5264
1117
109
1102
6275
6203
1766
8
1802
1901
1928
5675
6277
292
6280
6285
12
1410
4038
3125
102
5594
6272
122
6274
6278
6277
1690
6283
116
936
5976
1593
103
2615
6281
2970
6272
916
4340
6273
6278
2
84
6286
251
3658
1735
115
114
1103
6274
104
6276
6280
344
6272
101
6280
4750
6132
86
6279
1507
3515
6278
10
4770
96
685
1408
6273
99
3393
6286
62
247
639
6275
1690
6277
6283
6280
738
21
6285
840
3266
1025
6178
61
2663
16
5359
45
71
18
6273
6285
4360
131
4494
3659
6278
1480
2439
655
5966
727
54
366
122
4623
4447
31
6279
38
55
5409
6277
6172
2309
828
83
82
6279
6280
2197
6283
6277
6283
253
6279
83
3999
57
91
6278
2299
308
135
1941
455
1206
2669
81
6280
71
65
22
3835
1083
4914
104
6280
71
1210
414
6287
23
43
23
6285
3957
6287
3106
6281
564
6275
6275
56
715
81
24
44
988
6278
1218
1153
61
5191
44
3395
12
2487
3944
51
6275
2075
22
6285
88
6287
6277
6284
5527
5254
3926
378
640
1464
745
1260
1750
584
48
77
5590
6281
315
3825
1241
1293
108
4580
6279
1298
6287
2031
5992
1280
24
326
924
97
45
5855
9
5
392
6272
44
70
6278
1243
6279
17
67
4089
5970
3937
99
126
21
1365
21
2169
6025
83
87
119
6279
61
6274
66
4435
31
107
6274
6281
96
6283
6274
6277
4850
6280
6274
117
2067
5043
51
3008
3281
6272
105
29
6287
921
6281
4186
6190
5061
6285
5667
3
5730
5695
6286
3291
53
30
231
105
1196
0
123
6275
6272
6282
1717
1802
3581
6280
78
5891
90
203
3158
35
5821
343
1030
5842
1196
6273
6275
3268
6283
6277
94
5992
4277
1048
3100
130
6282
6278
1950
946
11
4452
65
6280
3623
6282
5391
89
80
2
6178
49
4382
111
1619
5591
8
6285
99
94
1736
6283
1327
6275
815
11
127
6285
6274
63
115
6282
6273
4615
6287
4103
6273
860
494
1674
708
34
551
6273
1212
6274
37
79
41
2085
377
6283
5501
70
2311
6281
121
82
3903
7
3308
47
1309
1436
4056
6284
859
6245
2358
6287
5745
2446
2543
1498
75
100
6274
2670
1381
83
446
1969
405
6276
6272
6286
1801
1233
6283
77
6285
6281
4672
5333
6273
1556
6277
4654
3892
6283
5201
3746
4667
5066
123
2
6273
42
6175
2347
497
0
1447
6273
1633
1045
6283
16
1268
3202
5348
1930
56
5031
6273
6274
1612
2905
2061
6274
91
6277
5507
2377
3062
5006
1924
6287
6280
6187
4633
322
1502
545
1660
6275
6273
6276
6284
58
5994
6279
1854
116
42
2619
6277
5087
1007
1578
8
2270
183
296
2843
792
1138
195
6024
5465
48
93
2998
15
4304
30
6287
4218
58
4181
6277
6285
1678
6286
114
39
6284
71
2981
4594
1609
5058
6285
1626
108
6273
6276
6273
4760
3193
1243
4088
758
6286
6278
883
103
1220
6286
6187
79
2098
4336
4493
57
6275
59
963
89
1704
0
114
3057
752
42
37
1147
5257
2872
5947
324
2835
1244
119
5891
3489
35
6286
33
6277
7
44
1094
6273
4107
1189
5811
5880
4927
75
1770
66
4321
5357
2092
29
5591
386
81
854
49
112
6277
1901
5728
337
2252
4464
6280
30
48
5164
122
1326
5591
8
5004
346
72
47
4322
98
1135
1572
4703
36
434
42
4329
6280
5646
1673
74
6280
478
15
2281
5523
3751
61
5
4571
95
2199
755
105
9
104
2190
20
78
6287
6285
6285
6019
1772
3741
5291
6275
63
625
5768
6280
6274
1118
13
799
74
6282
2624
772
9
6275
2885
3343
5140
1224
572
6284
15
4462
88
4381
783
6283
1376
3585
4848
849
71
3062
5783
36
6286
550
1532
511
1241
6280
6278
6276
4271
1231
2499
2353
13
6272
729
287
6281
41
89
10
10
22
107
6273
6273
4095
114
3656
2285
4589
1841
4677
951
119
4909
6275
4848
6287
890
82
480
787
6273
355
5202
59
6284
2930
6275
6280
1111
531
3375
6286
2924
2134
114
666
1333
4762
4925
6287
5984
2727
4259
2119
2007
4728
3205
6285
1693
6285
178
4479
433
4920
91
6282
108
6285
5536
471
6275
1526
6273
1635
24
3994
757
6287
99
81
6279
63
2042
6275
6283
6272
6278
4767
62
1587
883
816
