#method=quickcheck
#elapsed_picoseconds=205835000
468
745
1018
1322
1114
1053
24
2038
291
115
1929
1672
238
2001
853
1484
221
1508
1758
922
1988
717
1375
917
30
824
1457
1145
903
365
735
1640
683
101
973
1626
297
1231
1479
1136
490
331
1516
1187
263
775
937
276
82
286
559
1791
739
148
479
13
619
1822
1929
1025
1004
1909
1109
91
1026
699
1366
960
203
764
1047
1048
83
599
4
1612
1147
1035
944
658
1579
1985
1525
422
763
864
1688
665
1132
1032
1258
823
1663
326
796
1517
1829
1370
1154
739
586
1330
1424
133
148
957
1374
1130
1324
1129
666
1150
870
1382
1321
1202
1474
1111
1064
494
135
1186
1614
573
285
857
691
1026
1604
1641
1808
1714
406
513
2026
1836
1346
1488
1636
1638
47
917
870
1440
1033
1164
1248
844
14
285
1811
1949
117
1911
1700
502
1704
1286
1426
1626
1767
160
100
1878
631
489
803
85
1579
594
742
881
446
674
629
898
1134
1775
1515
37
1271
1580
1349
1200
1010
1119
1970
1981
1271
208
33
1864
782
1284
1263
1246
351
604
687
169
1886
426
1389
456
831
1164
1585
1291
1187
724
1072
675
1314
577
439
713
569
1439
792
802
1815
1016
231
183
882
1887
75
1730
359
663
1644
638
1678
1506
1153
1240
1521
87
14
1454
48
1284
442
1529
1333
1564
1840
948
1224
1152
1739
173
1262
832
1810
1947
849
929
1365
91
28
23
731
1314
805
267
1816
1721
1023
68
1909
1306
765
1207
537
438
639
1383
728
1559
1953
977
1016
675
806
1076
1369
1833
1105
244
1211
609
1091
817
555
283
1734
1436
1152
684
1968
89
542
720
643
1431
1354
349
1944
1875
368
1454
1594
37
403
226
88
1589
52
1807
1704
1295
899
1872
304
135
858
332
1237
1451
451
1674
1794
424
1120
1010
1996
1524
1617
4
1115
1082
1987
165
709
789
1934
1098
1240
1017
1270
1231
398
1032
228
328
1088
817
1806
680
1404
552
1464
1385
1362
1541
142
1679
749
1872
33
1254
1422
1354
118
667
491
658
1988
1943
594
1298
1209
809
297
557
1102
1625
393
1073
1088
1500
362
1935
199
1635
2008
1226
859
1326
457
1234
1932
898
1161
979
886
152
1896
1459
1174
1113
1489
84
2028
624
813
635
361
1309
471
862
1262
1623
1676
888
421
1633
940
1365
183
1117
1928
325
368
1435
363
237
987
1189
1325
425
1186
1102
1675
1623
708
1032
171
1783
1787
1933
1071
119
326
270
2037
1404
1946
1132
775
141
394
1130
643
312
1025
212
189
1193
292
675
1764
1017
711
1193
692
1954
1845
1884
1768
1396
1525
1764
129
1259
1880
1583
1056
1200
376
793
1791
193
1683
946
165
1472
2017
1047
1564
601
933
530
418
1942
828
1147
1263
639
1772
755
1782
1062
1076
1821
1788
145
12
195
1805
110
774
621
1801
1747
16
657
490
259
2004
388
2005
434
751
548
408
1034
141
1759
936
1071
916
1911
641
1323
1696
1069
1262
876
1128
321
1871
386
696
236
533
203
618
977
281
664
1217
983
686
490
1977
134
1850
1022
910
1968
697
203
334
1117
291
514
677
523
1249
1197
1152
493
2027
1806
143
1076
189
772
1311
1235
2015
922
1469
1745
1653
369
364
239
543
392
678
1787
268
998
481
81
1783
1746
1557
8
1937
497
1470
1161
531
769
131
1350
1756
153
1658
1962
143
1475
677
1769
542
138
634
1000
1692
1490
1168
172
1510
32
1396
527
1641
343
1737
2046
383
1477
1905
1223
1731
1972
1848
1903
1457
1687
1074
888
916
1117
645
1848
11
631
669
1243
1828
6
1587
1394
1554
1758
1998
241
253
43
836
1024
834
145
45
1887
899
363
0
107
735
1185
1176
1622
964
331
83
59
243
236
848
1836
375
1096
1922
479
1558
1793
1130
988
1070
353
56
540
807
2024
1026
616
1823
1475
1145
1326
1428
1666
300
1065
1022
533
1127
1253
308
1026
1328
971
1130
1828
1116
1865
1502
531
945
1925
1404
760
1023
1815
433
1901
257
540
192
403
5
1846
1838
322
1000
1295
906
1683
1828
2040
820
1403
1001
1079
1971
1290
1081
823
1099
2007
758
1250
1528
285
1921
715
1782
1399
129
563
640
806
497
780
835
1197
1872
2008
41
206
1785
1870
723
803
420
609
1347
60
1236
471
1365
354
678
942
2038
865
1725
308
367
221
706
1361
1336
798
775
1843
995
193
1230
1006
1592
1666
1410
2011
1383
1367
950
1456
286
1425
1094
353
1314
440
1719
699
613
99
1678
1249
1867
1535
363
1718
1278
746
69
1864
683
1309
2005
1477
1249
1636
1270
1567
1866
1845
1640
1958
1139
1867
1332
68
490
361
1697
213
1108
1074
1965
2011
1344
1289
1666
1122
1963
76
243
14
1627
972
259
1371
213
1944
1275
1478
1110
1443
1425
902
1356
1744
93
982
2011
1869
1561
274
1302
534
1257
732
1258
1879
1093
1319
92
1373
1798
1980
1295
1495
1268
1763
1253
669
258
824
1489
1687
1829
34
1347
1757
883
283
109
870
86
68
417
59
1582
247
158
1660
1636
1419
1530
444
127
1381
1184
140
127
1587
1456
706
1125
32
1940
592
1015
1889
543
966
832
1259
1436
525
1408
1619
392
264
1175
711
856
71
298
1112
1317
59
151
296
713
232
753
1043
885
1190
1193
1087
321
1456
1411
2044
819
726
255
1526
1841
522
1729
291
482
1979
735
601
1480
1360
1006
176
