#method=quickcheck
#elapsed_picoseconds=174088000
376
0
4
0
1
10
65
1
549
0
2
0
6
1366
2154
16
0
254
1408
3
265
15
12
1505
6
843
37
238
222
11
1273
86
825
1
3
17
69
6
0
1
1545
233
146
1
2
3
56
1
1627
1788
1
1428
6
86
3
115
1660
2081
167
1
2
361
257
1
0
1630
0
17
16
0
0
119
1085
0
970
800
8
156
0
629
1
0
1415
1514
11
1541
1600
12
0
0
6
1
151
0
13
17
10
8
13
182
0
10
0
12
3
6
69
1
0
865
247
1
124
164
9
0
7
1439
1155
2250
1
12
1490
1056
435
2142
3
1088
1465
15
1928
14
9
161
17
1226
0
10
781
88
37
1
199
229
273
0
2196
3
0
1393
1682
0
2233
16
325
883
1406
185
1151
2310
172
218
10
1160
3
0
8
16
73
20
114
176
17
1
240
6
1677
0
15
15
11
675
1873
1
1
628
258
1
900
1697
1388
53
1763
947
0
1749
7
14
374
0
1
14
1
6
47
11
1373
3
2019
8
3
0
4
1517
2275
6
1889
1753
691
1
229
14
14
17
131
1038
915
248
10
12
57
0
230
15
2006
1
202
4
2203
17
15
812
263
17
1
6
7
1
9
861
2240
6
265
13
1
1
0
157
1
1728
1
1
1
183
1896
7
857
0
8
85
795
21
108
6
12
1334
204
1072
252
193
1
964
1
0
206
0
1
170
137
207
1166
0
0
4
248
0
181
165
86
5
5
0
0
236
1329
60
0
6
119
15
201
1
0
0
0
1884
3
756
132
231
2179
1983
1
202
3
38
0
3
13
495
6
60
50
11
1734
15
3
52
2008
96
2
188
13
1924
150
5
1
1044
605
4
13
1
1713
266
317
1
1882
159
1836
107
323
1
0
4
0
1809
15
0
2139
0
1
212
9
11
84
200
1
0
0
1129
75
15
1
199
1
8
140
16
12
1721
337
261
813
14
3
4
1
537
13
13
194
0
0
1615
2
184
209
1698
158
683
0
1417
0
0
1331
118
100
16
16
3
0
1498
2134
1392
35
335
218
1956
130
223
8
0
14
1869
890
251
15
1623
0
12
0
2139
1
11
1
459
1556
251
1330
0
1
253
121
1686
0
0
1100
1
625
796
1012
10
11
51
2126
173
10
172
1360
17
5
49
201
221
236
9
0
1
0
5
0
0
1
2132
33
2297
873
1363
1071
231
1
229
15
53
70
1
18
112
0
9
131
12
268
31
760
159
1249
242
1
184
172
1
598
10
106
1
13
498
1
0
1362
1679
1
19
15
1
154
0
0
0
229
170
208
182
44
1199
144
144
1193
1
109
1846
271
5
99
17
12
111
17
6
190
1
535
385
1
202
0
0
1
280
13
1
1
0
2062
455
1939
1982
39
1189
164
0
7
0
1816
0
420
2220
0
270
1
1
199
4
1458
1195
1732
6
0
270
3
0
1738
1
469
160
2
1902
272
1
30
1
0
6
106
11
93
93
16
15
1908
1697
1470
1681
8
411
10
1
1729
1
681
245
15
0
11
1027
793
14
1
4
1997
12
48
13
266
0
1
1
0
2016
1
667
30
1
262
595
9
515
250
0
1
12
0
103
14
1
42
89
51
16
2237
1366
2
4
212
118
144
12
2104
4
227
0
14
156
10
1058
1
1
238
482
913
10
1
152
12
1
32
126
17
687
248
132
1689
1
29
0
45
6
1
52
112
28
5
1
4
2201
2122
824
0
1860
1
263
1603
6
16
227
208
13
0
69
9
0
1
16
10
173
5
1911
10
1400
8
1
180
16
205
46
7
1
280
364
445
5
1177
4
1922
174
1
247
705
0
9
246
12
1
10
0
0
0
15
6
6
0
138
12
12
0
0
1
259
727
175
578
292
7
0
1
1
1
0
1924
2182
161
17
94
1441
5
2145
1
238
758
150
3
180
12
583
2040
16
7
3
7
6
192
6
1912
0
2
15
0
1
1
1094
609
9
312
26
16
1185
0
0
2077
15
1
1812
181
133
163
73
198
17
205
1
1
0
1589
241
219
0
5
726
1
2
13
64
1697
0
294
1044
1
7
174
158
16
687
0
212
2
0
1
15
1
204
0
26
157
1
1668
0
214
1034
7
103
788
115
142
0
2026
825
195
23
1
247
0
1
12
0
3
320
11
2235
2185
8
24
2
1432
0
200
1348
4
0
1633
7
1
164
15
1748
2250
178
1
1881
163
1512
423
2011
14
72
12
212
14
17
17
1
195
1173
1593
0
750
1
1
1
5
107
90
0
5
1
128
1
48
11
2254
15
2201
12
0
10
165
131
1
1568
255
1
64
1
9
1614
1
1
70
38
60
1
16
13
166
473
15
251
611
8
1
0
1
1
0
235
1
2286
1696
106
8
0
270
0
1735
1
1149
2
12
17
2133
215
80
6
2156
551
218
1
1
0
1
