#method=quickcheck
#elapsed_picoseconds=186436000
0
1
130
1
151
963
1
721
219
255
1
504
0
1556
1
1280
1
13
1493
224
605
159
0
1821
65
1424
179
1232
189
147
2245
14
1068
2
831
1043
1149
0
1
66
134
139
136
66
10
219
1
0
199
135
16
22
1
1
1385
187
6
2022
10
2
152
943
1156
148
28
221
14
378
1887
48
1
156
770
1
0
1
867
53
1955
1252
187
11
14
90
1
16
1563
0
1
1
248
12
16
3
1770
254
642
13
0
13
1
3
15
1
1278
557
633
520
0
49
300
227
1289
1
1676
240
183
4
15
1
6
6
4
12
0
1
3
4
1
133
0
1
12
1
1894
0
9
2166
1
2010
5
205
1
708
0
1
1314
0
1648
17
9
1546
15
1189
5
67
11
0
2311
15
92
4
116
268
1547
1
663
2209
1
9
0
229
1388
16
0
3
14
9
0
1715
1892
390
0
2095
0
246
6
0
416
1
152
10
1
226
14
99
8
186
16
0
231
85
1
129
7
0
1880
15
0
6
15
117
11
1805
4
176
38
0
2
0
1
9
0
181
1
13
1172
2286
1360
0
189
1678
179
143
1
1903
1236
1765
6
61
248
31
10
6
10
168
1
1725
303
1515
1
87
115
108
477
245
2245
0
1
184
786
11
110
1628
9
146
12
548
5
8
196
0
1118
372
208
967
89
0
1768
4
162
0
1124
0
3
1
10
1
78
555
1953
224
195
53
16
11
15
449
1083
1672
0
198
56
1
1
1
199
209
740
1201
6
2227
102
15
1
10
948
538
7
1919
1136
1207
1482
14
3
7
165
5
0
88
729
1130
1
777
118
0
1287
8
1480
1
219
39
152
236
14
2303
2079
325
17
14
1
955
5
0
2266
2037
107
5
9
15
1349
15
0
3
1263
736
6
7
0
268
145
1332
21
2256
0
2290
1037
1
3
834
11
9
0
9
7
443
24
98
0
1214
1738
167
187
1043
1910
6
0
597
1
265
15
5
104
0
80
1761
576
162
0
125
9
2
1
165
1431
0
110
262
1
1270
874
201
8
1
140
1634
10
0
266
2154
0
1877
1950
36
1
11
15
202
0
1
2267
29
1
253
16
0
78
2
0
2150
46
191
0
821
898
206
48
0
1
35
1831
664
2118
0
11
179
896
1632
41
146
1795
96
16
12
1
2245
1
242
0
4
104
0
2318
3
1
1
5
1043
10
749
0
0
72
1429
6
1
1
2
16
65
1665
12
1
17
16
1
1
1270
11
2
0
2060
0
1858
1448
118
6
989
13
0
10
1717
1
249
0
0
1
136
0
110
150
1
242
10
6
0
749
1110
1608
2089
1
57
1
4
1753
215
216
202
149
198
1
77
15
8
16
576
0
8
0
337
174
3
3
98
1
1023
14
247
1459
1748
1672
0
114
0
1
245
1
637
1611
106
3
2008
1746
1
74
316
3
2
1980
14
1
250
139
1
1
961
15
2
0
1239
351
3
7
0
2288
7
182
738
0
9
120
0
2008
74
14
0
132
474
115
0
215
17
889
1
10
209
1256
2321
48
8
5
38
35
1
12
1132
1859
98
2067
168
829
207
0
141
19
14
11
495
1528
268
16
239
0
0
2296
44
1736
777
124
218
189
8
0
0
15
299
12
0
15
114
2139
10
0
7
5
1
1723
1
1286
13
2087
2208
192
173
1
0
1
0
16
626
88
13
398
1259
2120
13
0
709
14
82
166
1239
619
15
122
14
203
830
0
1
0
4
0
1
23
1274
928
188
11
157
159
1
257
121
0
15
1
365
1
1
0
11
1
7
41
1131
1612
10
1
1
7
3
2312
9
185
267
3
1929
198
106
18
852
220
0
2
1215
165
1437
17
35
36
102
13
17
1301
168
0
0
3
6
1
3
58
258
1098
74
1759
0
1
1486
3
8
1527
6
218
28
14
396
2182
1
2258
492
2027
1710
8
4
16
17
1347
1
0
14
1
0
2
109
121
227
430
0
2
8
1807
1906
1340
214
0
12
227
1404
1868
1
1103
16
0
11
196
162
4
0
848
1158
126
35
0
0
11
1
1
1
0
9
13
0
0
4
0
0
15
16
15
1
26
51
15
1765
84
214
8
6
3
35
0
163
113
260
0
2279
1185
11
10
7
0
5
484
1594
6
1801
18
0
1089
137
3
3
17
68
1
5
308
204
901
358
558
15
1946
0
17
249
15
8
13
1
2112
7
4
0
1172
1
1429
0
242
104
8
1314
1303
17
1462
12
0
1
215
50
4
33
2039
190
0
6
1365
913
266
1677
1
4
96
1668
2102
1
376
7
1
1277
1145
1953
85
236
1579
812
1
2197
0
1903
7
0
4
1669
0
1
0
218
0
443
1
1
154
38
247
121
1869
5
2067
179
5
4
2236
1
1
194
4
12
1
1563
1
1214
678
0
0
25
1061
10
1
250
7
1
53
1
1
1686
153
1
