#method=quickcheck
#elapsed_picoseconds=203532000
2292
2373
1387
2460
1341
55
2457
2186
1638
2495
2375
2456
2352
2250
2341
2345
37
2183
2119
81
29
2455
2364
2493
1378
39
2438
116
2477
2471
102
57
78
1291
2248
155
2378
2284
123
853
2441
1602
2444
929
2467
2464
2460
2430
2433
2178
2485
21
2388
2181
930
2481
557
2471
2488
2394
2433
2122
75
243
1434
289
2441
1488
2473
2466
1012
496
1055
2446
37
522
2438
2204
2278
126
545
127
2024
2322
1110
124
2435
1641
411
476
57
891
2467
46
2481
13
887
2495
1603
1951
1905
1726
2481
77
2257
1816
84
2407
2448
2435
2437
2200
2199
2460
2441
867
564
2328
2238
2453
2435
719
2469
210
2261
575
2343
2454
2477
1943
1781
91
2494
2483
2248
828
209
4
184
154
67
2265
2067
2481
2453
32
118
2260
2356
2446
2478
2457
2482
2357
2260
2176
94
897
100
51
82
117
2465
2451
1660
2190
2181
2268
1748
244
1076
1363
114
27
2472
1387
329
689
2438
1918
121
115
910
2371
54
2447
103
72
600
2350
2435
2472
2476
29
347
2480
26
117
27
2464
2304
255
111
77
2298
2341
2327
11
2448
604
28
2480
1477
2345
43
2216
43
2398
121
1517
161
2481
2229
10
2277
7
2444
1925
80
1993
2285
2469
1811
1464
2287
2434
519
2482
2433
2463
598
2395
2438
2447
89
2274
29
2209
97
16
2485
2443
47
2367
2205
53
28
69
620
2450
2284
38
70
1886
2376
1201
127
123
41
1671
2194
2472
2192
2321
126
76
2153
1102
32
606
2203
455
73
598
40
75
2251
2213
2390
34
122
2439
2460
78
1474
2335
2051
2379
1883
94
2302
37
2461
2489
872
109
2296
2454
2478
8
2477
739
2285
2265
2479
2359
47
2369
2225
2490
2448
126
3
120
2457
105
2265
2489
819
2466
1610
2464
1718
79
1700
7
1433
2453
123
584
1556
2451
2449
19
2270
1123
1660
109
87
2353
2234
40
7
2466
44
645
1388
1579
2306
2456
870
2265
2410
2489
2339
59
2178
69
2468
959
107
2341
2350
640
76
424
2448
2468
2395
2308
1710
111
1859
2435
2495
1782
2186
933
2019
2495
2484
2460
2450
2456
1851
106
2349
2216
1742
2469
1994
131
2471
1240
2484
2333
335
664
622
1002
2377
65
10
107
2463
125
2288
118
2260
2053
2457
1993
26
12
2452
49
91
116
2442
24
2465
2254
33
2473
2479
2472
2302
1586
2305
129
1952
1124
108
2257
2371
2297
2445
2447
2223
7
1573
1544
2338
2278
2469
2485
103
125
2467
2407
37
2455
2438
1946
2485
2095
2357
1157
119
2410
2484
2203
2457
2483
31
2494
2439
2478
2345
2416
2432
983
2387
2336
2244
70
2456
24
35
246
2243
2436
2370
43
124
2406
2117
2030
2408
2190
2444
2433
2435
2488
2329
468
2208
78
434
2218
1145
2072
2287
504
60
2270
2465
2495
2194
2433
2327
825
2482
2396
1108
1791
2193
2261
1676
107
2248
2395
1589
2432
113
2455
1179
2468
2371
1122
2475
73
65
2404
2446
525
2447
461
2236
976
68
2488
2482
524
123
60
2428
2284
1708
2331
61
1988
2248
1405
83
2490
78
2470
2467
2291
104
2179
2476
2389
15
2331
2449
92
2473
126
2199
105
2450
43
2492
2303
2356
30
19
2376
1234
43
2477
1861
2480
2443
2484
2489
2333
2241
2232
893
712
2443
2350
58
89
532
2200
16
2457
2484
73
56
563
2482
2347
2292
812
2237
7
114
2450
120
2336
2486
2081
2444
2465
69
2411
164
2484
7
2334
2233
286
33
2200
2341
1519
2
2362
1240
825
71
372
2437
2455
86
2312
102
1428
77
32
208
2178
2464
313
2438
2441
2211
2461
2479
84
2489
1977
2468
2122
2487
2428
2426
2464
2265
2328
2427
2199
38
2268
2484
55
367
2187
1693
466
2472
125
10
2207
1649
88
2445
730
16
52
2459
2468
55
2475
2346
741
1030
2448
2461
2381
2387
492
93
45
2467
54
2198
2465
2438
2464
2320
2458
2417
2002
747
1639
2321
2376
120
2419
37
14
2205
1703
106
2190
1035
72
2234
1574
111
67
2396
2305
2479
2408
2435
300
10
2438
101
115
2284
83
2462
2177
2241
2483
609
2313
2457
2410
2487
2238
2455
2230
2352
123
70
1552
2189
897
409
2471
2364
36
1897
22
2437
2246
1589
52
1794
2450
2438
14
2233
2025
442
105
2488
296
2266
1045
2231
669
45
2455
2457
2455
2410
50
58
2400
75
2478
2458
2493
2344
2381
2494
38
2333
51
284
52
2272
2450
119
126
2463
2369
2378
2355
17
1187
2239
2435
2438
118
2464
43
262
1688
2443
1802
2384
2326
5
871
6
2357
2288
19
2464
2421
2473
2273
2273
2432
2445
108
2406
2344
106
2428
2465
2440
2232
2495
2465
2434
2234
2291
2412
2439
2251
106
2457
2325
2
2371
1303
2442
25
2445
2474
484
19
2442
2281
2491
24
2482
56
33
2205
2494
173
98
1807
2257
342
2489
124
2249
2207
1434
2179
2436
2226
2471
7
1506
36
46
2241
1264
2479
2456
242
55
2290
2452
37
2410
337
2427
2398
588
1783
1750
1877
1312
1544
2480
1849
2440
2484
2448
1294
458
51
2474
1030
43
2480
2313
2460
2467
2272
118
13
118
2455
999
114
73
762
111
2178
2457
2452
2433
2450
2490
2231
107
91
441
2323
114
2466
2450
2407
2282
1659
2457
2265
2172
2443
2446
854
2441
2273
2205
667
2492
2437
43
2452
2326
1960
2312
91
2395
2362
2442
905
1407
1550
2164
2374
37
2461
909
126
113
1842
2315
2280
2435
80
1588
2267
