#method=quickcheck
#elapsed_picoseconds=253466000
106
1640
2461
113
2460
2484
2252
2286
2440
2446
2443
2435
2297
2427
2457
2117
338
2464
89
86
2471
1018
2274
2384
2278
39
2471
727
2257
2278
2432
2071
2195
2481
2448
2369
91
13
798
166
2450
32
124
7
2279
2467
2272
2459
1981
2241
122
2470
1038
1526
2490
40
432
2444
377
1432
77
2374
870
665
2416
2314
2447
2482
2487
2472
2280
571
2205
1089
2016
2489
2442
37
84
2477
2217
2381
1593
2435
2450
2461
2212
2303
1140
1648
47
856
378
280
2460
297
2434
2481
438
2375
31
66
2306
3
996
2232
1212
1431
2281
2471
2444
48
1035
2428
2306
2356
2437
84
43
2358
1397
409
2491
29
2368
2119
2442
1127
1
2486
1792
2448
2444
2274
2347
2407
42
2443
2457
57
92
2176
42
2276
118
57
2376
1254
115
2286
2344
2452
2424
29
0
118
2272
74
86
2224
2469
36
2202
2490
2379
38
1248
40
1906
1377
1643
2454
2245
96
68
2309
892
81
37
2447
2233
976
2188
2446
2482
2188
122
23
2491
928
2432
2420
2198
167
117
819
678
70
562
2441
77
2179
11
92
2457
2439
895
2493
2487
1676
2279
2465
2467
222
2463
1323
120
2189
61
598
2451
882
2210
34
2466
724
60
2217
1308
2484
2467
35
2284
59
2436
76
2458
20
2426
2465
2271
2494
86
49
508
286
2324
132
15
2195
29
2460
1020
2341
710
1161
2325
2261
1074
2257
35
2433
2334
0
33
279
113
2368
234
1682
2255
2440
2291
22
78
331
253
2341
768
2476
1672
2322
292
859
2271
1428
104
2433
57
29
2466
2432
2444
2492
2475
2409
6
2442
49
684
2439
2475
2236
558
0
1036
63
27
2285
127
2231
2353
409
1880
2284
1234
2212
2262
2275
72
2481
2046
58
2220
2271
53
22
40
2219
36
1595
432
2472
2477
2195
2119
26
2489
223
1575
86
2249
943
28
118
267
2467
1467
2448
106
2481
2468
572
1046
2481
114
16
2464
2354
70
975
247
1437
2477
2006
7
12
2485
2441
2446
2434
726
62
2274
2493
2392
95
463
2391
2198
1903
6
2276
49
2439
1762
25
123
713
1399
105
118
62
2414
18
1129
41
2282
917
2397
107
2480
64
818
259
2431
2340
1724
58
312
78
1184
2109
965
2380
1666
2436
50
20
40
79
42
2311
2176
2459
40
2383
93
2268
2456
2466
948
2318
2495
2292
2178
2031
83
106
82
4
616
2380
2428
197
1786
2370
86
2491
2473
2451
2481
2462
2352
93
1
1864
89
18
2468
80
2243
2449
2439
2451
2317
2277
1477
17
2246
1401
2462
1510
374
241
2231
2483
64
707
1492
2339
2341
2471
2383
2238
2152
116
2069
2421
2184
2430
1393
1044
90
31
2474
1895
1222
2228
2228
2215
730
2477
1296
8
37
2464
2471
2064
1720
2303
2453
2372
2360
2246
43
2286
2453
2307
2255
2217
2366
2078
47
918
109
2413
1363
74
682
123
116
583
2200
2447
1659
2452
451
2445
2373
2470
96
2411
108
33
59
2437
1757
2449
185
109
2481
2442
2436
70
2278
2238
2271
2410
42
2313
47
2460
99
2389
2479
6
1327
1950
976
572
2249
69
2491
1086
119
1890
2288
1677
3
2194
86
2443
2465
2292
56
1632
2455
2468
2484
2473
2253
2470
2468
2324
3
2220
2439
23
2208
1507
2482
2478
2274
2455
23
330
35
13
2076
2439
2421
99
2235
2460
2204
2378
2491
2383
2172
94
695
311
17
502
2309
443
571
2495
2441
860
23
2434
947
2442
2471
2448
65
2478
2418
2228
2479
15
2287
2237
2360
2279
2273
1570
1236
55
97
17
2442
63
2467
32
2456
2440
115
2450
2458
2227
2339
2264
1680
48
2404
2194
2463
2263
1491
73
98
2334
984
187
63
2429
2250
2303
17
2374
2407
2493
2491
195
2406
87
2483
899
93
78
2418
2368
451
2492
2416
519
54
121
2276
2490
2472
854
2239
2327
34
71
2475
2460
99
887
2283
2464
2154
2493
2473
816
2142
2234
33
70
1186
87
601
1504
2463
2469
41
117
2492
46
587
2442
2180
103
2466
2455
21
2399
62
2260
2433
77
1540
70
1940
2149
702
82
2455
2425
2394
348
122
2073
2488
1454
456
2330
1477
1094
2435
41
37
29
389
2039
2187
2487
2082
116
2465
1663
114
82
1661
2405
289
1692
2464
1365
63
2439
2399
2185
2238
44
47
2451
142
2438
2293
107
2201
1398
140
949
84
789
2250
556
751
1287
27
72
60
97
1079
119
34
2297
745
48
1987
2347
731
2485
2265
2458
2223
23
2445
2483
690
2453
29
66
2489
52
2252
25
2444
60
180
2332
66
2458
2479
102
1358
680
859
493
2487
365
1541
59
1121
2358
2440
2299
1520
2236
2353
2303
2453
93
2443
61
2492
90
1942
221
97
1712
282
1468
623
65
68
2340
495
12
127
2
2474
127
2450
2109
1477
2333
2472
1835
126
689
2444
2234
2423
2421
2314
57
70
82
100
2471
2223
100
2395
2373
2446
2235
2373
18
2318
2447
1593
2203
2453
1748
157
867
1449
102
505
2437
2433
1859
2466
2322
98
615
2243
2152
2413
1953
2300
245
2454
77
2302
2476
2453
1591
2444
1595
639
2274
741
2236
987
2476
2481
68
1114
2493
2495
1547
105
1337
53
967
2484
2493
100
2270
2271
48
127
2456
2451
2383
651
56
2489
27
2485
2488
117
2332
1651
2266
57
2422
2182
1665
2468
88
2282
2314
2299
2488
2344
2317
46
6
2434
74
4
32
2277
2435
1351
1132
2198
2232
79
59
2246
