#method=quickcheck
#elapsed_picoseconds=225645000
6284
5022
26
6287
1717
109
2793
5947
1377
6280
5538
57
6281
6287
6273
6282
6280
4318
43
58
2096
6278
1153
2710
1733
0
51
6275
6283
17
2016
817
1396
6275
1162
119
11
6276
6277
6183
999
2451
25
711
6283
120
6277
1620
5625
652
6275
6278
2174
1808
3485
418
252
6277
4365
6273
61
6275
6277
3757
3443
2080
5
187
1653
549
3216
118
40
734
5359
2093
61
83
856
5501
6283
6273
4003
3500
1660
6273
5560
6285
2168
14
1591
77
6284
73
6279
67
84
733
6282
6284
6286
1297
23
6278
6273
6278
4702
2187
1970
3272
40
439
2114
5108
134
727
103
125
33
3645
1006
97
5
6280
4277
42
2687
6285
6287
27
6287
54
49
6191
46
1806
23
5588
4555
14
78
110
5884
6283
39
47
930
1952
6284
4467
905
5693
6285
3905
6276
101
88
1729
5787
6274
4526
2256
11
6286
126
23
817
150
6285
6277
1568
1093
5114
16
5332
6284
109
6278
1838
380
6146
6280
6278
6273
6283
1038
1967
2746
106
1218
57
18
52
6277
38
15
4786
2419
1736
6282
2017
88
4381
6280
6279
121
118
6273
6150
1789
6282
6272
6280
6276
1625
101
2607
6280
6283
926
6278
3066
18
125
53
87
1583
889
6282
6282
6281
6282
1677
2147
6277
6285
749
81
5769
6285
1032
6285
973
1616
6274
6274
957
19
374
6286
5169
75
6272
4449
3518
720
6278
2113
74
4263
3162
3706
476
6284
4343
6281
6283
6273
1108
85
64
1108
4046
1257
63
81
170
1594
6275
1111
12
1443
58
6277
46
4065
4956
1254
6280
3714
99
6280
2140
4553
5466
114
2855
4073
6277
5466
3486
6273
5057
15
2510
6279
6277
29
35
6276
6282
4640
4491
310
680
592
6286
2591
3379
5197
28
6283
6285
6277
1666
1142
119
41
396
1310
15
6280
6286
5390
3714
3
4152
795
6283
6272
703
5888
6282
5512
5040
2045
2322
10
89
6281
864
1896
6276
4
4813
2618
84
6273
60
19
6272
2127
6283
4579
3740
6283
5745
6277
6281
6284
4471
5851
110
6274
823
68
3716
1184
124
394
73
5278
5478
50
795
5235
6279
4985
2
0
1933
3988
1672
20
6276
6286
6275
94
104
6276
1734
341
29
867
6279
29
6276
6276
6069
6276
6285
6283
46
771
50
1453
6283
5400
16
4816
2796
6272
6279
4763
4394
1562
1670
4057
4760
479
6275
1283
5812
6286
6273
4801
3754
822
4951
2590
100
3797
1944
1222
6284
1391
5419
5856
3515
6282
86
32
6282
125
6274
6277
5016
6095
918
6285
6287
3358
4343
6277
6274
6282
1101
1850
60
6279
363
6285
2973
6278
59
122
101
3293
6276
6283
3302
6280
49
6285
6283
6276
2891
6286
6276
120
5583
414
30
123
1827
6275
6276
617
6273
581
372
2434
1301
6275
14
1959
44
6282
4948
2906
3
6275
15
6276
6182
6279
2144
279
6275
6279
768
1133
6275
6275
5287
37
1409
4271
65
2916
6274
104
4374
6273
6275
849
51
5329
6278
40
474
250
6277
25
1685
3964
2823
6277
6280
4538
1200
6287
74
34
31
98
34
95
1822
62
6279
2838
1509
1720
6263
97
6284
111
6220
6273
109
1583
65
5435
51
1729
5
2108
58
64
56
3824
6287
18
126
3424
4897
1118
6283
4798
4990
637
563
6273
5428
189
41
6280
6286
56
6282
106
6279
40
6283
117
6272
100
1123
6277
6
3199
4351
2102
48
4330
5070
6279
109
3018
6281
6280
6279
4011
6285
1620
85
5619
6287
5230
4543
6285
19
107
1799
6272
6274
4966
677
2485
3210
506
6276
5647
6274
2500
633
76
1097
33
126
2
5503
1313
1059
4840
2961
6199
18
99
6287
65
6274
111
4267
6282
3647
6283
2513
16
5879
191
2638
6058
5
3513
6275
4301
860
110
3909
4358
315
2914
103
6278
2162
617
6273
1732
4231
3413
3149
114
5
6274
6273
22
1572
85
4776
20
6284
4839
6284
5464
95
89
6275
6287
4906
1745
122
988
6276
1806
121
1361
74
354
3100
5208
116
106
151
6273
735
927
6287
4964
67
6285
6283
3342
5324
3218
122
2238
3620
3747
126
32
1506
6277
2026
1576
1202
6272
2164
1821
2953
6283
112
583
15
6274
26
3977
74
1455
5163
165
2228
1431
1704
96
290
2402
1424
2689
1944
6278
1131
59
248
6273
2081
29
6281
2833
105
75
6272
670
76
1758
2433
0
6281
3686
6284
6272
1376
2652
248
45
2081
2316
16
6275
2021
6272
9
5
100
5976
1068
1579
5972
6282
5009
6283
1090
3793
3037
2123
5915
6279
2630
6282
17
6278
2691
5783
6285
68
64
4388
35
5731
5615
50
1746
6280
25
6272
6279
3159
6277
591
6273
66
6282
6280
1864
116
5376
6273
6272
6274
50
6284
6272
68
6285
118
1780
867
5676
1440
2928
121
3407
54
6110
6273
6272
6276
4222
6287
110
3615
6214
6284
6283
6279
733
39
493
6273
4953
2120
95
2911
117
6282
117
1717
1969
5843
5102
88
6279
3246
223
116
6273
47
283
2557
783
390
6286
101
2205
8
6281
6287
33
6278
1254
2539
96
2879
1610
5846
34
724
6277
404
26
38
835
226
3999
398
2519
4256
1932
2308
1435
3812
1098
6274
2631
6277
2100
4943
914
2830
48
4947
2739
1314
1490
3911
6274
5293
6279
6287
6271
6282
6277
1938
2263
4198
415
3649
5306
109
54
399
99
3960
6285
1677
5097
1371
692
6274
109
109
6278
3689
116
379
6284
1657
5806
6274
5709
30
1125
1390
62
6287
228
4700
6279
41
4743
1526
6272
1442
6278
3598
2897
1855
1799
401
