#method=quickcheck
#elapsed_picoseconds=190272000
2442
324
854
1224
2447
2385
2487
2460
2470
2360
10
1494
1831
2198
270
100
2435
99
263
2215
2381
2449
2416
1037
559
308
229
2199
1660
1934
2303
598
1832
108
2256
2211
74
342
2294
1
2464
1966
2478
2435
2438
892
2468
101
2350
1199
63
2429
26
419
2288
2479
2105
2285
13
2453
303
1520
2395
90
20
1192
48
3
1982
38
1902
1385
2357
2291
2250
1202
2479
175
2168
86
2364
2199
1062
2405
94
2490
931
2200
103
2139
1937
612
122
1607
2369
2267
2460
605
2348
91
82
83
2306
2384
32
811
113
21
34
2323
80
2283
755
2403
2335
393
1945
2419
2455
2414
127
84
49
2392
2135
2201
88
2471
35
2207
2183
82
2471
73
2346
1387
2341
658
39
2468
2288
45
798
2472
2461
2373
2184
328
52
2439
580
2471
108
121
33
2481
7
2284
16
797
2418
6
2480
2407
1690
2438
94
2437
1386
2491
2495
2320
2406
2211
109
1374
115
2425
2366
2271
125
2372
2485
2183
82
2464
2468
2389
583
2481
256
2319
2406
2370
2423
860
1425
2377
2447
2481
1644
20
2397
2176
685
1567
2444
29
2233
32
2485
281
20
12
2419
77
2476
57
64
2217
2465
2462
2432
2463
1222
2472
2228
605
2468
1632
2490
626
116
1884
2436
2494
2198
2423
706
2403
64
1001
2338
73
749
2481
2183
34
2493
2478
92
2390
2451
2319
82
2483
343
2206
1633
2464
2473
2427
1702
87
45
2453
2466
2447
2491
33
2459
85
106
2481
2451
435
121
61
1084
56
731
2476
68
94
435
2369
2472
2195
8
2451
664
2196
2235
2199
2473
24
118
815
2436
100
2319
2491
49
691
2449
1312
84
2260
3
2471
64
2477
2493
2434
837
2486
1651
151
33
125
2316
2427
957
537
1274
122
2457
2462
45
2445
771
2216
18
930
64
17
2485
2246
1931
2484
582
2217
29
2474
2444
1740
2474
2211
3
846
1659
991
2282
2477
2376
1893
1006
2205
789
901
1520
2177
516
75
2351
2271
2057
1713
362
0
76
2477
2280
2460
2285
2230
2444
2492
2380
125
662
2452
2464
73
2488
1989
2126
2468
2321
1148
1
2241
2456
2487
2457
2352
2436
2487
27
881
2206
82
32
2444
936
2473
52
64
2476
2442
2490
2194
2491
1527
215
2477
2473
2225
1884
2389
2473
2438
2474
2471
35
4
40
1742
2449
104
2474
40
7
2462
2189
2476
2231
2487
2228
1826
2489
11
2343
2481
387
124
1246
6
95
1593
1051
2262
124
2423
2493
112
2261
2379
2483
33
2428
2481
2457
2438
1709
2473
2325
97
104
2320
39
2355
1238
13
2289
11
2246
82
2481
2368
2308
998
2267
98
14
2460
486
126
2316
0
1854
2435
2428
2326
2482
22
2261
2178
905
2468
1112
2460
2267
81
2452
615
2375
2494
2489
62
2383
2459
871
2475
2251
45
2377
2329
2440
366
1440
1613
119
111
2472
27
1523
2449
1888
95
963
2368
2386
2220
2025
2245
2310
362
1042
125
2187
1698
97
2471
648
131
2457
1769
53
2492
446
2201
395
2466
2022
2468
2398
2359
2219
10
78
2122
75
2424
2461
2451
1476
2414
18
113
113
1856
2471
2458
425
43
2226
949
2438
744
2321
2468
0
459
209
2287
127
36
1632
96
120
1109
734
2345
42
2321
2271
1265
467
143
127
67
2445
2365
35
115
14
2205
2297
2351
2001
2181
11
1933
51
9
1710
306
239
2470
1888
1231
2451
19
2302
2230
2457
2486
2491
2492
22
2315
2434
806
1996
951
673
944
1181
2433
8
124
2196
2279
121
45
2441
2298
1526
2373
1509
126
2485
2491
236
2159
2472
2259
107
3
2489
122
2161
2359
35
2409
2487
85
2342
2487
666
2196
2481
2352
2369
65
2137
9
107
2422
27
2355
64
2472
2417
12
1
2408
2247
93
2239
2358
2224
2453
2
2466
2297
65
2449
892
50
2475
2350
1680
48
12
2310
2473
123
2178
2486
197
2435
90
76
624
39
1962
2379
2468
117
47
2426
2490
2455
556
2184
27
2348
102
2380
2328
409
91
2485
42
98
3
2450
2288
2432
859
76
2244
2470
2238
2258
114
2284
2213
2476
272
2220
2229
101
1960
2469
2239
1804
2416
895
86
2204
1208
944
2296
115
2478
69
2260
2493
2226
2409
126
2322
2229
2432
2467
2195
1322
2435
2145
2183
1996
2472
2287
2331
2406
2472
1608
2493
180
2464
34
486
2298
2440
2454
1119
119
119
1011
266
2476
1279
430
83
76
67
1213
1263
26
1879
2458
294
1543
2462
2208
20
2364
2298
1447
1795
2483
790
2197
115
12
19
379
1855
90
909
1520
114
2206
26
1673
1856
51
53
2210
2461
1079
89
2463
2449
2466
1341
2459
989
63
2465
2256
64
55
2454
2239
36
492
23
1427
79
1131
2440
2478
42
2450
2471
614
2446
1209
27
2064
1824
786
31
587
2458
2478
43
2176
28
2468
986
2237
2445
1176
99
2069
2447
1464
2228
2433
73
2461
2484
2402
2325
2382
2478
126
2461
813
96
108
505
1657
123
762
97
464
2389
40
2474
2451
420
2450
2437
940
1267
43
24
861
1752
375
116
2472
2454
1498
49
2486
2286
2465
98
2227
2467
38
805
45
201
2077
2430
684
1172
2453
2393
2314
1913
2467
123
2489
2470
2467
2185
2466
32
2261
2450
88
2458
2183
2425
126
1979
2303
1250
2178
2458
2482
123
68
2333
2186
2192
27
1052
118
361
2486
79
2177
2226
2479
137
2470
57
113
2330
20
2193
31
2137
2363
2423
11
2188
283
2450
65
