#method=quickcheck
#elapsed_picoseconds=173918000
6
1107
2
6
1106
0
10
1050
1059
1104
11
5
1105
1104
139
61
1056
1096
1096
1105
1097
1085
4
1067
5
1106
1085
13
1105
1073
1109
525
1061
13
3
1105
5
1048
1107
1107
3
872
1070
92
1085
914
1108
224
1092
1049
1110
1087
1065
653
376
8
1108
352
8
0
1058
2
1052
1076
1
352
1053
1046
1104
664
892
2
30
1109
578
1054
565
4
1105
1109
1107
7
1
1
1053
1064
1058
1110
1108
826
1047
7
1090
1070
3
7
1105
1075
6
301
1104
1069
15
1063
1084
1097
1109
624
642
1109
15
1
165
1
1106
130
13
1109
387
1105
972
1092
1093
718
8
1074
1106
835
925
5
1108
211
1110
1080
10
0
1084
1043
108
1055
11
3
5
1102
1100
1111
6
1108
1110
1
511
1105
13
4
1100
1106
1104
4
318
927
6
1088
1107
1044
1108
903
14
612
10
296
7
1105
1073
1109
1
1104
410
1111
14
3
11
9
1061
8
1
4
276
98
682
13
1104
1097
612
10
1108
2
850
757
1046
2
1060
1056
1108
1086
1104
1110
1111
1109
5
1078
1111
127
1029
1097
1071
15
13
797
303
288
1064
1109
748
1104
9
1111
1078
1109
2
1109
1111
8
1058
1110
1109
94
1111
636
1102
1108
9
1109
38
1064
1073
1077
1068
1048
3
0
1105
1106
1
1105
1089
11
15
1
1108
370
1108
243
1110
1095
141
26
1085
183
371
1057
1105
1078
229
15
926
1074
1102
86
13
779
818
1105
1099
1110
10
8
2
1108
11
1107
1075
1055
10
339
202
1109
1103
875
1089
1076
6
191
13
1081
1071
4
1060
1104
1073
900
14
11
1106
1087
737
1053
1032
1110
308
9
502
1080
1040
1107
8
1106
1104
936
1086
477
13
12
1090
1108
1072
286
674
2
456
8
447
923
6
1063
1042
433
5
1107
2
3
1071
256
3
1097
3
4
1096
287
1042
5
11
1111
1106
1059
1033
8
1111
1111
82
1108
1078
1109
1089
1055
266
1109
262
851
1
1105
1062
1107
1105
0
983
3
1046
2
1110
518
1
295
1109
108
633
796
1064
13
1111
755
1056
1109
798
1067
530
1
1089
12
4
0
1092
1053
1105
1104
1104
1044
1079
586
1077
1101
1108
1105
1110
520
1108
1051
1070
13
114
1110
850
11
1101
1045
11
389
1013
14
139
1110
0
1097
407
274
836
343
1094
1088
1
15
160
909
9
15
3
9
1106
1061
10
46
1107
1048
401
327
9
12
1108
1110
0
1107
529
8
2
4
2
1080
1070
1072
825
1096
1094
1106
12
13
0
1066
3
12
4
0
10
14
1097
135
193
1106
1104
1
1050
1001
12
136
1109
1103
1045
1044
3
1058
1110
849
1108
1070
1081
1110
1108
1098
10
1107
1111
1054
1065
14
1063
1106
1108
5
1110
1106
5
186
791
1103
1056
7
1107
1047
1109
383
1111
1044
1110
1110
13
1111
1081
0
1109
1102
1058
1068
1073
1109
463
13
10
1106
123
1106
271
544
369
9
1040
4
1088
1104
1074
1050
1070
1076
1110
1091
1105
458
1105
1106
8
1106
153
690
14
426
11
1106
903
145
1109
1049
1105
15
470
664
1053
1085
895
453
1111
8
779
1048
14
1090
1056
1031
12
15
1091
1106
1108
5
1105
1103
1044
10
174
206
1082
1072
12
191
246
792
1109
1082
1075
6
1069
392
284
6
1111
1110
668
2
1110
1103
1021
1104
726
655
1067
398
1067
53
419
163
9
1110
165
563
1105
451
1086
13
1052
1
1041
2
1097
269
1062
1049
1106
15
11
5
113
14
573
1041
7
3
889
723
1095
721
3
1061
706
65
752
1057
2
1012
4
13
836
1110
1105
1110
1106
960
2
7
4
858
701
1106
1095
1096
1089
1078
1109
1062
1046
702
1109
1104
1072
0
1110
15
1062
79
10
1048
920
1105
1101
1098
1
1108
1099
1106
1062
1108
1111
1065
279
1108
1083
812
617
761
1100
9
135
1109
1070
1109
1051
129
625
1095
13
1085
6
1106
1108
721
1109
1058
1045
1108
1107
1109
1111
1
8
10
1071
1097
1047
1106
211
7
8
78
1111
1106
1055
1105
1052
15
2
1053
1104
1049
56
4
3
827
1111
1109
3
8
5
211
6
1067
1102
1111
1078
11
11
1110
510
1110
8
1109
1072
2
327
1104
1104
1104
1111
364
1108
941
8
1104
1111
111
13
13
1095
1064
1105
1104
628
1057
295
1068
409
660
1108
1110
1106
1048
1082
6
1108
5
526
9
1076
1106
7
5
0
811
469
544
78
15
5
718
1110
550
1103
1088
11
1104
1108
1
1091
1088
1056
1107
1066
1067
1107
4
0
239
639
1109
3
1091
1098
1109
118
13
385
426
0
1107
847
1052
1107
475
223
1077
1109
1110
4
4
1106
1080
1110
1051
490
485
1106
1107
1095
1107
1110
1104
4
1109
14
729
1110
223
1108
756
1110
1058
1080
1108
167
4
5
5
1017
827
1073
1105
12
12
920
1080
902
1103
6
1063
4
1109
1061
51
445
321
399
1
14
1045
12
1104
1061
1053
1058
523
1104
1111
1108
1064
1050
6
14
1111
10
487
540
1102
1070
1111
1107
866
950
1111
1070
1079
75
1044
1105
772
854
347
1093
323
1106
528
877
1104
1110
1059
385
9
1104
1105
1104
1091
1044
1070
1054
13
4
141
0
1105
959
1046
580
2
7
1111
1060
524
