#method=quickcheck
#elapsed_picoseconds=197182000
511
517
983
353
532
1184
1108
1029
2043
601
380
385
1173
1291
1455
775
103
1657
1948
1954
846
771
1434
1378
190
741
1788
950
1334
1994
1931
1024
1537
1872
1068
1377
346
1593
1219
975
1291
1047
575
674
558
802
1875
741
52
978
1826
193
1160
1265
548
797
628
585
964
7
1759
811
1140
1903
921
1765
1980
464
625
1402
223
74
1487
124
290
974
1098
289
1703
828
975
1318
384
1377
1638
1629
490
1490
103
858
857
1241
991
1806
1382
79
873
1514
1316
259
1064
939
1026
1104
806
1274
1424
1684
2025
1341
660
438
161
84
1162
743
737
598
1437
1273
818
1024
509
94
1397
1337
1227
323
1593
1914
1280
1911
762
528
1631
773
1925
17
1572
1493
1141
1480
2003
839
454
1857
1898
171
718
1772
812
981
234
492
776
1093
852
2047
955
941
1097
1159
793
1338
56
440
192
447
1955
1998
1593
661
0
358
1797
144
1510
864
197
910
1248
1520
974
2008
856
1755
1950
639
1898
1776
314
1082
1670
970
726
486
29
801
744
188
14
1765
1149
1882
333
421
1973
1425
3
191
253
1908
359
825
4
922
665
197
240
1197
1832
1108
630
1098
1750
594
281
991
715
777
1310
45
1284
32
1969
1648
961
96
1970
127
689
857
1855
888
935
1587
1458
1146
1803
1719
1367
94
892
493
1595
1257
1637
18
1435
1028
1634
167
543
598
1691
738
1537
439
231
863
1138
1198
560
146
1112
1538
2031
1416
1601
305
90
765
1360
240
187
623
1053
1370
1242
156
1815
305
918
1090
853
2010
337
1784
1153
1403
1298
1142
1851
1679
1784
1551
1851
359
1182
1784
316
632
1743
1331
496
1961
961
1512
392
593
881
1322
1327
521
109
1166
786
438
1439
818
1953
276
1383
873
818
180
1793
640
948
1330
1325
75
14
1637
482
686
1656
1141
866
170
1221
1848
1627
1770
863
682
1480
705
903
223
1605
134
555
1916
439
1430
464
1880
252
1871
151
679
721
870
1668
2028
554
364
939
2045
1657
1874
1707
280
293
533
1787
492
1363
550
1094
1420
165
662
1534
2
606
1785
1603
1953
636
1359
1770
833
1435
899
1648
398
785
1067
1223
1510
208
1290
622
1267
1011
1732
1283
1410
1379
1282
2041
1745
408
1614
700
1894
1385
307
1514
294
1761
1829
1846
797
960
1713
1984
1463
276
207
1540
1172
1525
877
1261
1549
421
164
812
2015
169
747
1817
1951
1096
147
1900
632
1089
2015
476
2033
1266
1737
402
1026
1814
1344
1465
445
572
658
999
1231
1856
837
1382
429
188
1592
1679
2001
851
1608
221
233
1371
1828
229
595
800
663
1896
191
1620
1387
592
1324
1571
739
1297
1348
1183
1039
1137
1884
1126
671
581
1864
838
218
1997
537
485
1165
667
1019
1565
615
1204
270
1804
1437
38
1903
726
1744
444
273
307
1770
1745
1467
246
1446
303
315
1355
245
190
1615
1089
681
190
1226
695
1479
1251
326
1734
1928
1325
1910
1171
1106
83
1182
366
754
264
990
1434
1042
1434
1163
1300
242
461
1781
2041
1103
574
1549
783
1124
627
43
934
325
1705
1705
590
333
1323
607
544
1865
907
1264
3
1972
485
1122
1849
1049
1395
1159
296
1736
1545
1977
657
382
504
591
1789
31
142
1948
901
463
362
1224
1318
50
907
69
1542
1597
380
959
1508
1632
1851
1531
1535
706
1899
1286
1916
848
521
855
1346
1127
1293
1752
1774
16
741
608
201
1192
1947
631
1146
187
1459
1820
170
1883
1160
262
1700
1734
518
1894
579
1616
84
162
1599
714
1605
588
1980
140
118
1082
1069
1186
918
653
522
1784
1146
807
1676
460
1134
1630
1454
922
1161
476
145
1600
39
1945
1649
729
467
661
1306
1825
1839
569
1863
1476
535
1034
242
1768
489
760
1770
1769
1375
1551
1034
910
1305
1001
1752
273
471
1206
931
1954
1166
447
729
153
857
608
1143
470
1913
1496
232
757
1149
1538
621
1894
1467
983
1294
1275
1102
1158
2038
346
808
708
467
2020
287
1740
1291
1638
995
426
1183
1754
354
1815
882
1938
1029
838
106
1128
116
823
1213
105
1236
1848
1874
938
360
2021
1172
1997
116
460
1932
2021
172
1434
871
1948
287
1119
656
804
779
1960
2009
1669
1655
1369
1528
1517
1314
1808
802
613
86
901
1279
405
1996
97
1038
532
1017
690
584
2011
875
1745
1390
62
1927
1964
1638
1769
745
400
491
1783
1302
1675
946
1651
1100
846
1495
1916
336
1577
187
939
425
1676
1816
953
1920
664
1097
1578
941
1859
1767
1609
1750
826
1590
526
404
27
1130
266
1190
705
1040
303
1193
376
926
926
173
1163
2040
414
142
848
743
1421
147
134
1551
226
676
1389
1377
28
750
380
986
520
652
988
757
133
136
396
1815
803
1728
427
56
1072
109
322
833
1952
1953
421
1949
640
173
708
656
651
2025
1052
687
2042
304
484
456
1270
478
1560
215
374
771
1189
1791
1180
1144
1139
1699
1496
734
595
1400
1199
1265
1488
1340
826
969
1721
393
1372
1261
1855
1215
1948
754
1329
664
1858
1760
1114
1406
811
1502
104
373
1192
1818
1231
1908
477
1565
480
1651
1163
1991
601
715
1878
522
290
806
957
558
952
1243
83
1026
191
126
986
608
990
885
1288
1512
115
1449
1339
1111
772
51
476
882
1575
716
265
582
1801
