#method=quickcheck
#elapsed_picoseconds=168139000
1106
212
742
88
1107
1057
1107
1104
1110
1096
14
358
695
1062
158
0
1111
6
151
1079
1053
1109
1088
925
447
196
117
1063
524
798
1103
486
696
6
1056
1075
2
230
1094
5
1104
830
1106
1111
1110
780
1108
12
1086
63
8
1101
5
307
1088
1111
969
1085
13
1109
191
384
1067
9
11
56
10
5
846
5
766
249
1093
1091
1050
66
1111
63
1032
14
1100
1063
950
1077
2
1106
819
1064
0
1003
801
500
1
471
1041
1067
1108
493
1084
12
15
13
1042
1056
8
699
7
12
10
1059
3
1083
643
1075
1071
281
809
1091
1107
1086
11
11
14
1064
999
1065
12
1107
13
1071
1047
0
1107
15
1082
251
1077
546
15
1104
1088
1
686
1104
1109
1045
1048
216
8
1111
468
1111
0
13
1
1105
15
1084
8
685
1090
10
1104
1079
554
1110
6
1109
250
1107
1107
1056
1078
1075
12
238
7
1097
1102
1071
7
1044
1109
1047
14
1108
1104
1061
471
1105
144
1055
1078
1042
1095
748
289
1049
1111
1109
508
3
1069
1040
573
431
1108
15
1097
14
1105
169
12
15
1091
14
1108
5
13
1081
1109
1106
1108
1111
86
1108
1092
493
1108
496
1106
514
8
748
1108
1106
1062
1095
594
1075
4
889
1074
14
637
1105
1047
12
1105
1106
15
1062
1107
1055
6
1111
231
1070
497
1108
1105
1099
566
1
12
1109
1106
1111
1111
6
1111
4
0
1109
1111
323
3
13
972
10
619
1108
2
1
323
1041
1108
1059
7
1107
552
1060
1099
1063
1109
14
1
703
1104
14
1055
1111
10
579
1109
176
7
1060
10
1111
6
1105
1105
1110
725
1106
515
39
11
8
1052
1099
845
425
138
10
1105
1106
11
1109
659
1080
8
818
7
4
1105
1046
795
1104
470
1081
10
1110
1108
604
1106
1075
14
734
523
879
1082
1105
1048
757
894
1069
677
789
384
1041
404
1
1087
1071
921
577
250
13
10
1105
1080
1104
1085
1094
1108
1104
1052
4
550
1104
1108
6
1108
853
990
1108
1057
1036
13
1041
1104
1111
1109
1088
1104
1107
10
769
1070
9
13
1104
824
1109
13
7
1104
1110
1106
1058
1111
391
103
1105
1109
1089
748
1061
1109
1106
1106
1111
5
14
8
606
1105
7
1110
1
12
1110
1053
1108
1095
1111
1092
690
1109
9
1079
1105
275
14
110
10
9
457
939
1062
9
1095
1105
13
1061
1051
1107
15
1100
1109
1105
1106
573
1105
1061
6
9
1056
1
1091
102
3
1089
8
1046
3
1109
1040
1044
886
1067
6
14
1108
374
0
1052
12
718
1111
1100
1062
1110
7
1061
1042
793
1108
1000
1108
1067
8
1104
503
1047
1110
1109
7
1055
1111
759
1107
1051
13
1049
1065
1104
254
304
477
0
3
1108
10
387
1109
752
9
851
1040
1058
1084
889
1045
1046
250
930
13
1051
562
14
1111
536
19
1105
633
14
1104
334
1065
283
1106
886
1104
1070
1095
1083
4
4
986
3
1096
1105
1107
340
1086
5
14
1
720
1111
1110
313
8
1090
837
1110
632
1057
1108
15
347
97
1087
13
10
496
13
11
997
622
1081
13
1057
1071
129
355
31
11
9
1105
1101
13
4
10
1069
1097
1087
865
1045
14
797
13
0
574
194
127
1106
752
95
1107
4
1102
1094
1109
1110
1107
1104
1
1051
1106
694
860
839
561
832
45
1109
1
10
1060
1079
14
11
1109
1098
390
1045
373
14
1109
1111
124
1023
1104
1059
6
13
1109
14
1025
1095
2
1081
1111
1
1078
1107
554
1060
1109
1088
1041
6
1001
1
1
1094
9
1091
2
1108
1089
9
1
1080
1047
7
1103
1094
1088
1105
13
1106
1097
4
1105
780
2
1111
1086
544
15
10
1046
1105
12
1042
1106
85
1111
9
11
512
7
826
1051
1108
15
10
1098
1110
1107
444
1048
4
1084
13
1052
1064
297
7
1109
1
4
2
1110
1088
1108
747
0
1044
1106
1102
1058
4
1084
1077
1104
160
1084
1093
1
824
1105
1103
668
1088
783
7
1068
72
832
1096
13
1106
3
1060
1109
1090
1081
12
1058
1093
1104
1107
1059
186
1111
1009
1047
860
1108
1087
1067
1078
1108
472
1105
68
1108
1
374
1098
1108
1106
1007
8
14
899
154
1104
143
318
6
10
8
77
127
6
743
1110
182
407
1106
1072
12
1100
1098
311
659
1107
678
1061
8
6
4
267
719
1
797
384
6
1070
2
537
720
13
7
1074
1109
967
9
1111
1109
1110
205
1107
877
7
1105
1056
11
10
1110
1103
11
380
7
291
7
1019
1104
1106
11
1110
1107
502
1106
73
0
928
688
674
6
475
1110
1110
11
1040
2
1104
874
1101
1109
40
13
933
1111
328
1092
1109
11
1105
1104
1074
1061
1054
1106
1
1109
701
6
7
393
521
2
650
6
352
1061
1
1106
1107
308
1110
1109
828
131
2
2
749
616
263
15
1104
1110
362
3
1110
1086
1105
2
1091
1107
1
693
6
89
941
1102
572
36
1105
1065
1050
777
1107
13
1109
1110
1107
1049
1110
10
1061
1106
15
1106
1047
1097
15
843
1103
114
1042
1110
1110
5
12
1069
1050
1056
15
940
11
249
1110
11
1041
1090
1107
25
1106
13
13
1066
5
1057
11
1001
1099
1095
15
1052
171
1106
12
