#method=quickcheck
#elapsed_picoseconds=188770000
2447
67
2425
2479
1563
2051
2025
2443
2229
35
2478
63
2379
2381
825
2427
79
558
991
2474
1979
2361
2176
2369
3
2235
3
2303
95
114
2455
2220
2404
2440
2305
717
2418
2461
712
1045
2197
2218
2412
2436
2462
2479
2235
2462
2384
399
115
54
2409
2490
2493
2234
1167
2479
1211
93
102
56
2023
2266
2299
995
1753
2257
2311
2291
2043
64
2270
1478
687
1
571
1096
1192
51
2286
663
2306
426
2185
2240
2478
2270
1498
2451
2458
89
25
2431
2237
1963
1159
86
2460
2296
53
835
2236
2245
116
2466
15
735
2476
398
2227
2191
2456
1569
2464
783
1471
61
2442
31
2202
2333
2473
34
2433
2309
2409
61
45
2485
35
1607
2474
1321
2471
1686
75
2075
2451
2317
2213
1039
29
2468
2348
53
2235
2114
1408
72
206
2443
2444
1052
2284
2461
2483
2434
2472
109
90
2202
2318
1096
1575
2266
75
21
38
98
2036
2388
2458
2433
2467
58
2477
686
2441
1266
2405
851
96
2432
2472
34
2395
2467
2400
125
68
19
2183
108
43
2444
58
96
1993
2397
303
2474
65
1751
71
93
2483
1789
2348
57
1291
11
38
2477
2437
87
60
51
2271
1006
2447
74
2348
2484
2249
1873
1967
2430
2449
2434
125
2334
2351
72
1781
2483
2174
820
2481
2383
118
2431
2249
2248
103
2244
42
2194
2278
2469
86
2022
89
2268
1
36
109
1265
185
2416
2489
2480
2433
2418
1136
2209
979
2451
2264
2411
84
18
605
89
833
188
2491
228
2443
431
536
2475
16
2217
53
27
2487
94
779
2226
2437
1142
2357
2358
2477
57
2204
1780
2324
1052
23
2275
2449
538
1289
2466
2476
2408
1895
2441
2122
2288
1777
64
2202
14
69
2444
275
2
79
2275
2473
2145
2382
2304
1887
2338
1974
2488
63
64
2287
2483
2467
59
2371
2051
2434
101
2028
2243
2449
1140
2266
2451
2084
2437
2433
2270
2474
66
2433
47
2447
56
1684
43
2452
51
78
71
2367
1802
139
2482
2446
1620
2267
2451
2493
73
698
1403
2353
2438
329
107
2490
2321
98
2278
35
2305
2190
241
102
83
49
2493
2446
2481
37
1390
2255
2422
64
2218
104
2481
2329
2469
113
2364
94
2189
93
1127
2462
1748
1483
91
197
2494
1470
1608
2446
109
2436
25
2480
2341
255
2482
1819
289
2468
46
2460
188
2303
15
207
2464
2481
2274
2456
2491
2450
2484
2191
100
2460
74
776
108
2477
1881
31
69
2468
1161
2347
2433
2279
1286
115
2480
2444
2365
202
60
2482
2324
2404
2439
2223
745
2338
2236
2306
2466
34
2479
2491
2270
1330
2446
2253
2471
2406
11
2250
2382
61
28
2432
2278
2465
2333
109
2178
2446
1983
125
38
2409
27
47
17
2435
2407
2337
2454
2270
1938
2164
2189
2243
2471
1675
2439
27
25
291
2475
2473
2462
2332
55
286
32
2462
17
83
944
127
432
1998
1
1672
2204
2483
95
117
2487
1909
2437
2486
1382
2193
2274
2198
2412
314
1838
2484
2045
655
746
2387
2413
2301
2478
1222
2485
2302
382
2241
2197
41
2048
2453
114
1301
2296
2461
2320
2480
2402
2492
2257
118
2421
2209
230
2389
2452
2471
516
91
18
483
2464
13
1454
2451
570
2485
2449
2436
2194
2211
2212
2448
1257
4
2
5
4
124
2251
1190
2454
2482
84
2367
1891
8
2491
2411
2118
54
2435
80
2387
1392
2395
2473
2490
2241
2017
2465
2374
2358
1623
2239
2284
14
16
2397
42
1109
2481
2385
71
2369
126
1707
2373
2362
23
31
1912
2443
2476
624
25
2442
80
611
789
2027
2352
1153
878
2279
19
2455
2270
2442
2470
87
38
2297
2326
90
2318
2180
88
2462
0
2464
2367
2457
104
2407
842
55
2393
2464
87
2489
123
2433
2493
646
2398
7
7
2275
6
2492
433
2472
2491
2248
2425
718
1751
2405
2183
31
2193
1467
8
2489
70
2484
19
2475
2462
2242
2198
2448
43
2352
486
47
2244
2470
34
25
102
1846
2448
2491
2481
2447
197
2375
55
2479
2453
2262
1706
1337
2476
1033
2205
1487
2469
76
1094
2446
119
127
59
11
2085
1972
2432
2195
1508
1898
2312
125
5
2394
1909
441
902
1907
2197
2225
2435
2360
2443
2449
84
2477
2396
2357
62
1435
2486
2348
2234
2387
1254
117
2338
107
2344
491
2253
2378
104
1118
2197
121
80
2449
1403
2414
795
1908
2456
1750
2192
1068
2302
2469
2199
2313
2351
57
1606
2409
1817
2448
2453
2289
2230
2348
26
656
203
461
1269
2258
2108
527
2346
2280
103
2183
2242
2461
2238
119
2216
2463
5
1515
2080
2470
2471
770
2450
42
77
2276
2468
2470
2375
1717
6
2259
2353
2488
2458
643
8
2328
2245
2259
2386
34
2410
108
898
118
45
2262
2468
2305
1478
1880
2272
1984
513
2492
2379
2395
1133
1004
1796
2462
64
649
2481
2268
1914
2416
2419
141
86
2238
107
1873
70
2467
2450
458
2472
2404
2434
2480
251
2480
2453
2385
2092
1505
2452
2454
2458
2227
1234
2323
2433
98
2349
2470
2245
122
90
1732
117
1794
2212
930
2316
87
567
2303
30
11
1424
110
2453
2439
2440
7
88
2481
2456
2221
32
22
91
28
229
121
4
15
1535
2472
2304
27
41
2450
2349
53
346
2489
2493
34
2472
127
999
2350
2276
40
684
2235
51
2264
62
1592
2318
2474
15
2154
2345
101
2491
58
51
2302
56
18
2421
104
1972
1092
2488
2486
2219
2470
1473
2268
2463
2478
2435
1077
2278
2478
62
