#method=quickcheck
#elapsed_picoseconds=218795000
75
1
200
1183
746
0
0
18
23
0
0
663
54
0
3
2
207
2131
16
23
722
0
696
1
15
104
2268
15
1
1
15
0
0
135
7
1843
6
1
5
0
14
168
149
15
0
1094
1
10
962
1710
628
219
0
0
5
0
193
16
172
0
10
66
0
1
0
9
1254
0
157
76
256
0
11
2060
8
0
158
76
244
1
13
261
2131
13
21
153
9
0
1
175
9
15
4
17
486
147
1
0
230
7
73
12
0
14
1091
2296
15
11
8
11
1
25
1245
81
44
604
1
1
13
13
0
5
0
967
650
0
569
9
0
636
64
6
100
181
35
208
1
10
1467
5
111
9
2059
142
2108
1
2228
1734
555
3
0
12
5
151
9
0
12
208
1
2020
0
2158
1
1349
597
0
39
192
1
2
0
17
143
777
1
1
138
620
1779
139
0
1
1443
0
1503
1028
1
178
1893
1067
1
0
14
4
2164
0
8
858
17
917
2
253
17
1
16
482
11
7
0
9
9
0
14
134
28
725
168
649
0
202
1
532
63
215
7
2
188
7
217
1009
109
15
903
1919
18
1214
1816
100
43
3
14
1844
707
0
561
39
281
211
1476
29
2
4
971
10
0
16
0
101
890
0
921
177
183
1
1
69
9
110
0
3
58
0
1
0
9
131
518
208
205
16
1
2181
1
217
0
1
197
184
582
0
1
85
1
96
794
190
13
345
167
12
2
7
8
166
0
0
16
1
16
1
13
196
1
101
0
7
0
135
1782
1
0
261
2203
1
1034
7
110
28
4
779
133
56
2063
4
105
74
33
16
1
690
436
0
12
7
179
221
1
0
12
9
21
233
1
1088
1027
8
967
7
1
647
117
25
15
250
2121
476
14
1925
112
325
1116
11
51
154
576
1923
15
252
118
4
1
0
52
505
131
247
85
109
10
113
256
1
13
163
9
0
680
0
2
262
1
158
14
0
0
6
3
3
11
1
0
4
4
12
7
258
2
0
798
1
15
12
5
856
11
142
0
14
1
1
5
17
16
492
16
10
1
1
2082
321
1029
61
1515
200
2091
9
0
13
3
14
17
5
1
1941
2265
46
1
81
1935
0
1
269
167
12
120
5
11
0
1
0
24
0
254
26
78
155
6
106
0
9
491
0
2
83
1
324
14
882
4
12
41
1
111
7
1
1036
4
0
234
0
46
113
871
1
32
0
8
205
56
7
7
1821
543
1404
0
0
1985
1
193
2
1278
106
0
4
1
156
866
1887
226
207
1474
1
47
44
1218
14
63
254
0
261
737
0
1685
143
5
79
2039
0
160
2064
1
13
6
1
109
1298
1227
3
893
0
1567
1853
36
12
1
1
2169
237
0
12
234
1183
14
0
1
131
95
9
732
123
150
96
76
228
1236
0
1
2124
0
3
5
1009
1
10
1
0
66
1132
31
328
2
534
1
1096
0
236
171
205
222
11
2
11
17
123
217
16
165
1
1
0
1021
1593
1
76
255
0
6
246
12
188
1
7
1045
5
27
64
272
82
0
0
62
6
13
217
14
554
234
27
1626
15
17
17
2054
207
6
334
16
68
14
1520
16
41
2277
488
1
75
38
1
1
0
242
1678
10
166
362
214
1214
225
1889
219
0
1
1
7
2063
1856
13
294
0
1430
1210
340
1
1
0
11
13
1
15
884
1019
1070
1
166
6
804
2
80
35
1197
1485
50
15
229
2147
113
8
16
11
242
0
14
3
201
2109
82
6
0
0
1920
1099
1
5
0
33
921
2074
14
0
0
100
14
10
8
120
4
1
82
1157
720
1
1
1248
857
95
1
75
0
441
14
8
0
5
0
8
11
1417
15
1466
0
2
1109
16
14
7
40
6
2197
0
5
1532
1687
9
1772
958
1
1135
1
845
368
248
1
9
47
1653
2237
3
8
1257
148
30
4
43
1
10
91
6
1583
25
81
12
1
1
1373
265
0
6
0
129
105
4
1
2060
159
196
79
39
10
1
10
696
2
1401
5
1250
0
1
13
0
15
9
2186
1831
144
10
90
9
0
70
5
0
267
2147
202
2002
7
127
1
5
1
9
1
1
225
295
9
75
18
11
1769
231
400
0
1406
1
2
4
14
7
65
6
1
644
1178
0
0
1389
1
15
57
15
9
5
0
194
163
192
1179
74
2274
1335
13
0
10
0
1674
280
9
0
92
1
0
581
2
13
5
0
13
192
157
1941
131
149
127
0
160
0
14
122
265
228
5
1
14
12
125
62
167
2068
6
1335
0
1
0
0
1715
47
12
2157
3
0
1144
258
15
628
2
2
0
8
0
0
2
997
11
10
12
230
7
27
779
1587
3
12
1
3
1378
1
833
0
0
12
329
0
59
1358
17
5
1
1
1
9
8
109
3
16
21
1
0
1623
91
