#method=quickcheck
#elapsed_picoseconds=187468000
0
1649
0
0
1524
0
0
28
165
1050
1
1
607
962
13
3
226
74
138
1075
75
191
0
173
1
1016
255
1
2071
51
583
3
231
1
1
1011
1
154
1953
1425
1
2
112
2
255
12
794
10
262
27
2128
257
171
15
2
0
874
6
0
0
36
0
222
54
1
6
159
88
2178
14
10
0
12
767
16
224
3
0
1379
1667
1405
1
1
1
223
234
100
1872
1410
16
89
1
260
48
1
1
275
117
0
7
2270
239
1
105
254
75
2035
14
8
1795
1
1
3
1
776
16
1
1931
17
1563
10
134
135
12
0
116
2056
5
3
1
1426
13
2160
122
0
0
126
213
14
161
1
1
1
80
270
373
0
822
624
1
13
1891
1
0
142
2244
298
0
4
17
0
130
1529
150
894
17
0
6
0
14
1
2319
179
1683
1
1742
4
1377
0
1
1
1
103
0
1
0
2
12
4
1
1626
203
6
0
1138
0
8
3
216
0
166
34
1994
256
426
1388
1593
959
1
120
1549
5
15
139
49
1
1
11
13
14
170
2007
6
1642
1
1433
120
1687
0
1235
1077
0
164
672
2095
4
1237
6
144
2310
1
1787
12
234
115
119
174
154
1
0
2071
972
1
915
259
1
1
1
418
16
1370
9
472
137
11
8
191
9
9
35
427
56
15
1
12
180
208
4
1
5
12
1663
77
1260
0
0
0
430
1
601
245
225
0
9
4
2063
209
17
67
182
0
5
1
187
49
0
38
542
115
6
0
1
484
193
11
95
6
952
14
1
8
58
146
1457
0
632
754
2
256
15
1
0
196
526
178
12
4
0
10
0
5
17
0
41
212
15
1
1821
0
1
177
6
1
139
1
0
138
17
212
1
1
2317
964
165
3
0
2209
1941
8
754
248
2067
67
161
4
607
4
5
1
695
232
457
1999
0
9
1
216
0
636
8
1
5
535
6
7
14
234
1
1561
9
98
627
4
237
4
1
131
0
0
0
70
223
471
1890
422
22
185
8
119
79
1734
2167
2284
6
1058
29
48
1
4
1060
16
1
271
215
1
15
7
0
5
960
0
267
5
4
10
13
136
66
1
1
14
7
1
1
1
1
1000
231
0
16
873
90
3
9
1
0
1886
1868
0
861
7
0
0
0
0
186
112
178
15
138
200
2300
0
1
0
108
1
0
0
0
0
0
267
9
11
1988
2178
1
28
11
0
14
1511
145
215
86
1
100
500
7
1630
48
251
532
634
140
0
1253
641
224
171
0
41
1908
998
1
508
896
1
16
5
209
98
1
653
153
1627
13
1249
22
2104
1840
1
1385
187
0
747
80
36
110
179
1975
5
1
0
1912
17
1084
5
10
7
1
210
0
258
1746
244
28
112
54
1752
261
1055
8
527
588
0
1008
15
8
0
4
1
1712
5
3
2179
219
1011
1
8
2
159
255
9
3
421
0
17
90
0
132
34
13
0
1
197
1284
1598
1
1871
209
86
0
16
12
60
242
0
9
12
14
1931
124
181
0
239
6
2
0
1441
1924
14
0
960
81
3
718
16
5
109
16
109
11
9
13
1
816
11
5
907
5
128
1
94
1
147
0
75
3
40
155
1052
1
1
1
11
0
15
83
1
1
7
13
265
11
1
103
12
11
14
99
0
10
0
1
10
1832
539
1328
2184
6
0
1
0
4
11
2080
201
266
259
120
475
104
88
8
431
586
178
0
644
1
104
5
0
26
10
1223
207
76
1
938
77
1560
104
1382
581
235
9
1458
189
6
3
3
206
1
5
787
176
631
93
15
15
73
1
191
0
1024
2278
7
1439
164
151
2302
1045
2063
2097
1
0
0
177
203
217
1084
9
1
0
16
1745
1584
161
2159
94
1
0
95
1030
155
14
0
1
13
2293
327
1
0
1
13
0
237
144
1481
56
1
1
428
12
1992
0
2211
178
0
5
1674
790
2002
2061
2
1330
3
0
342
1949
17
1
1
137
234
1119
1974
2
163
13
238
15
2
2094
1496
900
26
252
0
1238
1
16
1
182
460
1
1
0
9
15
2
4
1
1
16
1844
4
145
194
1
1658
1718
1
197
130
34
1117
172
109
1313
0
0
17
5
1503
1
133
204
535
4
1
7
4
0
473
13
94
1713
13
9
247
435
2188
0
0
1248
58
1944
29
8
7
800
1393
73
973
596
1874
0
707
0
11
924
13
1670
6
1548
228
58
1278
13
0
1
1
7
17
243
1839
0
0
6
122
12
145
0
105
0
631
103
13
7
15
5
1
0
215
0
2054
167
223
36
13
1058
2097
1434
42
156
0
0
1545
0
17
14
144
48
377
1761
16
16
841
240
249
5
214
2075
10
12
13
263
5
1476
14
7
1362
872
165
3
1
1142
1071
2298
133
150
48
224
1
0
7
0
647
17
88
10
0
1
901
230
2
