#method=quickcheck
#elapsed_picoseconds=242350000
607
242
463
1990
1903
1491
402
1420
1343
1501
1391
1248
1608
539
263
1408
272
241
1926
1918
1381
1941
74
1185
362
908
1852
667
638
497
401
887
404
1889
1989
1292
405
598
157
835
357
507
2006
1951
1065
783
307
834
1380
100
1589
1764
2005
1865
712
324
1900
966
236
1461
822
436
850
767
1311
174
1878
683
620
103
1028
1800
543
1317
1058
1309
948
525
1786
343
1500
1432
852
445
1231
1540
1167
1315
1252
412
165
85
1542
104
1862
1597
1612
1513
1958
441
759
1354
947
1804
1279
1321
579
604
692
469
629
513
777
1518
1755
1108
1721
299
577
1270
620
1502
964
726
1141
172
91
1327
1665
1212
679
737
1737
282
1762
1791
986
1018
836
231
1464
619
1450
1408
1658
1358
1909
1850
1911
2036
263
1
1672
204
1513
1640
252
1819
6
1736
842
402
64
1210
387
1411
698
731
1887
349
301
1333
1155
1587
560
2003
1141
458
532
262
628
1766
906
1979
1559
1018
956
1932
694
123
1665
960
175
1999
1920
750
1480
1064
868
1200
719
24
171
19
9
640
1364
2011
223
1663
577
1101
933
1989
255
614
617
940
1523
100
739
158
641
1358
135
83
125
1791
346
977
1742
1841
1729
175
241
450
729
259
1380
563
1951
891
296
1165
1610
864
388
34
841
1514
1607
1025
1537
1787
744
811
1909
811
1796
1563
1479
353
1597
1670
753
126
588
74
1626
2044
311
1875
740
252
1694
1200
1901
1759
1541
1325
697
1408
571
1943
810
1046
234
407
1615
283
1912
2043
406
1537
2045
434
1867
1398
252
712
284
439
331
576
1242
1950
969
1534
1328
1707
707
693
1568
32
541
1800
684
219
941
38
726
1236
1702
235
1456
1602
100
1503
1808
1986
1214
1712
689
186
1540
1360
105
810
976
398
756
314
1522
1559
445
2018
76
1694
614
845
1009
60
1490
1511
1912
1647
317
942
963
1108
1248
789
1556
294
1315
2015
1429
425
742
1789
1215
1328
1768
1391
607
46
348
1821
1000
391
1252
1811
1972
805
661
1484
1122
1518
716
1194
377
620
412
1781
1388
1610
1760
881
1426
247
1223
2001
508
466
1401
1011
239
32
1864
1111
1654
1612
109
211
342
1880
1936
1527
1112
1282
64
659
516
1847
1160
1453
772
587
1094
1155
2021
750
690
1135
1237
1264
1058
1611
2
975
298
1516
2
859
1143
1318
944
953
1432
7
529
1424
1824
1687
1185
946
132
326
631
1882
1522
449
1852
783
1638
1423
981
689
95
1656
1595
1391
942
1154
1530
1255
1274
1438
731
1720
1775
2000
237
1946
629
38
399
1564
1690
186
1895
829
91
1770
1719
301
1573
748
1593
1518
1773
195
338
187
1853
621
645
1909
224
217
1873
321
137
1522
340
762
1101
1706
1551
478
843
300
457
1919
168
791
110
846
242
1701
1070
1259
711
39
509
833
1257
112
405
1871
976
307
591
537
1580
867
1788
605
171
1453
405
458
1204
711
1206
92
1257
1587
1682
1068
775
452
1296
1642
300
1375
470
201
1751
432
1977
673
930
1972
32
132
6
1936
1657
1197
903
1432
1124
1696
1396
946
1390
1629
2013
1003
1056
957
550
1844
804
1593
134
1338
763
873
714
2000
876
975
447
733
1431
1802
273
719
821
300
1500
522
1983
1842
754
544
1672
772
203
252
1322
1020
1903
851
1311
274
770
1441
419
754
2035
627
574
1384
572
454
1583
1334
262
1436
236
1442
1667
1356
1895
2006
1580
1612
1836
18
1895
656
58
712
1533
973
1121
714
871
405
1793
1327
1807
397
367
305
954
1265
755
1434
257
145
223
1586
47
2012
840
1501
393
440
388
107
1614
1175
851
1528
831
1835
814
356
1463
1590
477
1087
1664
1943
957
1066
511
1413
1949
787
49
792
1114
915
543
1223
1269
1517
1496
90
105
1433
422
291
122
1674
1902
704
1484
271
1055
127
615
2047
1658
15
1458
1117
1532
1868
1388
1682
1434
1552
431
619
1757
1769
1171
501
908
996
1958
886
1658
1281
1708
1651
561
421
126
1999
756
957
1338
98
651
1255
1846
115
1167
589
1963
1566
1206
498
363
686
206
873
663
488
719
1512
1863
419
526
636
269
843
510
152
1451
336
1046
1621
1405
1326
203
1174
894
1679
1055
852
385
60
1011
1902
1922
901
1848
1930
291
1740
1701
284
548
122
1836
643
244
537
541
396
231
1664
843
2038
449
997
94
559
197
371
1299
2022
7
952
923
1763
1460
1305
723
1238
412
1999
684
2013
500
684
2024
875
1046
382
85
392
703
1738
1957
1330
402
852
1731
747
791
1781
1072
135
1561
1065
1872
131
592
246
50
2037
875
1051
971
187
1289
237
1825
2000
1221
1967
761
193
537
1642
994
1797
1773
46
279
855
637
61
878
510
816
405
1929
602
74
1328
1323
1090
226
1147
441
849
1472
235
765
521
1667
1588
1588
484
1342
547
1769
739
722
1802
1727
1610
793
1749
522
650
1367
1937
912
408
1040
1968
2010
1888
764
1852
1205
553
756
60
778
1925
643
1112
1377
674
256
1486
1661
716
1822
134
1674
10
234
1237
687
1577
188
49
1374
1547
271
643
986
1519
1116
1947
1026
1893
1368
641
1137
507
488
1088
722
96
1918
1683
1192
1733
1242
1612
1182
1181
455
557
515
80
1358
440
1571
1339
31
649
1055
689
151
1008
