#method=quickcheck
#elapsed_picoseconds=192325000
2484
2373
1161
89
2325
335
101
2200
740
10
2342
2184
69
954
2463
56
2460
2463
2451
2453
2427
2490
103
32
84
2391
2487
17
1962
95
2485
2332
2357
754
37
87
1033
2303
2455
2400
2328
93
2203
2455
2283
2419
117
2364
32
2319
1301
2244
2482
2352
2477
2495
961
2293
1536
1353
2419
2284
2399
29
77
843
2223
2305
2469
1044
113
44
2372
2221
2466
2216
2223
2427
2474
2432
115
60
247
2279
2494
1188
70
2287
52
7
2491
2490
114
2195
2391
1243
2224
104
880
63
89
2430
835
2234
2378
1425
66
2415
2343
2459
30
2478
879
2217
2294
2400
38
2468
2281
1614
1017
2442
2408
1851
79
2467
2207
675
2453
2202
2459
2460
115
881
2476
110
2362
916
1079
2451
2434
2176
4
2469
1061
1883
614
1510
1933
5
2226
138
125
124
608
2441
2291
27
2441
44
291
92
2357
215
1238
43
2474
195
2483
2493
2240
2338
12
2232
2388
54
50
2300
1462
116
2418
2279
64
622
1899
2433
45
2459
17
2463
37
2076
2462
515
67
10
193
7
2456
2243
86
2448
2467
67
2184
2097
2382
2391
754
2348
2210
38
2298
143
1021
17
2276
2438
163
2490
2206
2141
1574
2470
2460
1005
798
4
301
2293
2445
14
62
2260
2244
2066
2329
2211
2196
2453
2481
2252
2461
79
2474
2479
17
2216
2238
2233
1635
47
2210
2419
2483
40
2262
33
2199
2466
2453
1497
279
2378
1518
1735
16
1904
34
2375
2476
2447
269
2480
34
243
1273
1702
69
62
2419
118
814
1183
2478
743
2350
2456
2482
2491
2476
2283
567
183
111
403
2083
477
2472
31
2471
2182
87
698
434
2334
125
2398
109
2337
2312
127
2388
1837
1143
48
32
21
1108
124
2449
91
90
2451
2304
1283
2259
935
2477
89
29
2478
19
38
38
23
2482
2296
110
2466
2433
2237
2330
2460
2454
2288
335
2253
2461
2478
79
2458
1784
2415
2449
2
2203
2330
43
80
2399
1321
29
114
2442
2327
102
285
43
2456
2397
426
1
2455
72
2447
1442
1491
2188
2478
885
17
42
47
2434
35
2489
2441
2186
2385
93
2406
2452
2349
2458
1543
693
2436
69
2345
2198
4
2407
2457
1580
127
2438
2251
1564
27
2319
2147
2457
2490
2324
2269
36
2119
2314
2450
2219
2467
1310
2191
2210
2471
114
1066
1492
2397
56
2446
76
103
2206
1371
1155
86
2480
1236
2262
92
123
8
26
2416
726
50
517
2452
409
2202
2400
50
224
875
2473
2467
81
2239
2472
2297
107
2223
101
2482
2451
2492
121
68
2475
2404
15
89
106
72
2389
2335
1994
307
2392
2447
2449
2429
1021
2239
10
59
264
2409
2451
2450
645
110
2269
59
2278
2311
1269
172
1285
115
2014
2198
2281
60
2493
2453
2087
2474
104
2207
2466
2
294
1950
2415
1583
2453
5
1415
2287
963
2445
1501
2459
2469
2274
450
42
1777
1718
2494
126
378
2334
115
378
2456
112
2246
1883
2466
2215
2466
2
2481
2451
2216
2472
154
2408
9
84
2481
1124
1517
48
592
2355
2449
1624
510
2444
113
2427
107
1811
2455
2446
33
2465
2242
2446
73
2326
2326
2492
15
2460
1375
1664
2292
106
1558
1886
2436
2461
476
116
2215
1228
706
2276
1939
2294
223
2282
1984
71
92
2
2447
2281
2213
1827
31
74
2328
2332
1623
1583
111
2196
2230
2003
2235
2446
2242
2371
2485
149
2433
1877
2356
1478
678
59
2474
2481
93
1998
2300
2482
2435
91
2199
2493
1338
671
2468
2424
2236
68
29
2189
125
2289
2323
1525
2467
2485
2435
2386
2437
2289
2312
629
2433
120
2456
2236
1137
2394
2221
2363
116
448
101
2269
232
2335
1591
1172
960
2409
34
105
2438
2457
928
71
2030
2421
2433
1658
2471
2241
1583
2125
2446
1026
28
2408
446
565
2483
2164
58
39
44
2434
20
734
2491
2230
2486
2221
2489
2253
106
2459
1616
1083
15
2462
815
56
2493
1073
2475
1556
26
2494
2316
87
2457
2399
2298
951
2448
2438
2481
51
2452
75
2335
1495
69
100
2216
2389
119
1919
113
2459
2305
2468
83
11
2375
73
2472
2439
2282
83
5
240
720
2484
1884
133
2429
2463
1
1344
2236
1929
2474
2175
2252
2326
25
30
2344
902
2226
2488
2271
470
94
2491
2301
197
2453
2398
721
39
11
599
930
592
0
816
2462
2450
556
2316
2458
2485
2440
676
39
2491
2451
79
2441
2209
2463
441
1605
67
2213
2378
5
2446
2451
2218
1815
2279
2273
2480
557
1289
2373
10
2423
2450
2462
1180
2458
2460
42
2058
74
938
121
2384
1297
2467
2231
2014
2425
103
2274
2479
30
2482
1641
2491
2358
323
2424
2468
1697
1759
96
1359
113
123
311
2279
2216
2471
2331
2461
1143
2202
2228
920
2263
44
2363
1601
1086
2444
2196
70
2485
1539
2432
2481
2491
2278
852
1748
959
2438
2372
22
1534
941
2190
2352
2492
2462
48
1937
2471
116
1942
2470
121
2321
51
16
738
2453
102
105
15
841
2473
2299
2465
2469
16
75
2444
2238
2478
2223
105
2325
2467
2183
68
1285
2452
2452
75
93
2211
1199
46
2468
60
661
1577
106
112
2349
2489
15
2176
2193
2389
2444
2279
2473
213
1600
44
2480
2435
2153
58
1368
2460
2432
2195
96
2447
52
2471
1691
785
1138
586
87
40
56
429
2449
1091
2453
2459
1799
2210
1892
2374
666
24
1727
542
33
1173
1296
2312
58
66
1521
2340
47
2376
124
1931
2487
87
2250
