#method=quickcheck
#elapsed_picoseconds=172896000
1242
215
11
0
167
17
1
42
10
1
184
26
1
8
1997
1
1550
497
501
1467
269
1252
1
0
0
233
1725
0
16
1
699
174
199
12
0
0
11
145
449
242
170
0
45
929
125
261
1
206
0
161
11
86
1172
194
1099
1741
7
135
10
3
261
126
241
0
0
17
65
147
1567
10
0
0
214
63
1112
58
65
269
2084
1362
0
1
9
121
1708
6
1
129
0
0
1289
740
1
37
233
9
66
1
2
1
1
272
9
76
220
7
0
257
185
1541
1
2128
17
59
136
242
1
1598
123
16
7
324
250
5
1
2165
49
5
1467
44
1033
942
0
11
2122
1
204
14
17
473
372
18
0
639
3
13
16
4
3
0
68
8
1
0
14
387
133
0
1895
0
17
0
199
17
8
1
1604
13
2233
1231
82
180
1
74
230
1
1
142
4
1
260
121
1
16
5
1811
0
1513
0
525
1
6
2060
17
0
0
11
0
1986
85
1
1458
2105
1
26
15
224
233
4
190
52
1
140
9
7
0
118
348
5
2280
48
7
4
1660
494
7
8
0
15
135
1327
0
0
102
86
12
171
53
38
1531
1715
94
1999
1
2148
1069
1
58
80
75
9
1
52
261
1781
0
104
0
41
2168
1503
3
5
220
16
5
0
2
1
217
2190
1905
7
2262
0
5
3
16
0
1
261
1
12
9
2192
5
192
1506
2260
2281
2158
125
9
13
1
5
9
15
2086
1
541
24
0
16
12
176
1
240
0
179
154
1
230
3
9
0
0
1
2
0
407
1
1
985
146
5
101
9
2091
0
1
2160
1
0
1
0
692
138
1
1048
1331
79
172
526
1024
130
5
95
1039
1584
1
1544
2
257
2035
1
45
172
0
1
241
3
1
0
1380
169
1
3
1
1958
239
16
0
1469
0
337
8
5
30
1648
3
1
1
0
372
1
1255
807
28
227
0
248
410
191
2024
13
15
1406
1
187
40
1
249
1987
2
1
380
93
6
0
161
9
1031
680
166
111
0
9
156
2040
61
1141
8
33
52
1121
0
16
14
239
1
816
1
0
48
17
9
1
1266
2
104
1
1
0
0
258
4
0
15
926
11
44
242
0
10
5
2083
633
0
81
642
139
1
65
0
2296
473
1806
1
1
2181
246
0
1
1
1
231
177
8
17
234
1393
1011
271
7
81
1
0
10
251
1493
1524
15
1
111
1
120
153
3
14
3
0
16
40
123
0
2315
2047
13
2152
1
49
1560
0
12
16
257
13
991
1
17
129
17
1935
11
521
639
116
12
0
7
16
2284
0
12
176
1
12
1510
1
88
5
2068
57
1044
0
2199
505
58
2114
4
250
0
1
663
2
3
1
10
197
499
6
4
1354
0
269
1
9
1021
364
0
1623
84
1836
0
168
168
746
0
1550
17
10
134
0
12
8
382
939
14
0
57
6
8
118
17
136
9
124
10
0
0
0
1933
123
55
13
1
0
170
174
9
5
1
38
72
9
77
300
84
213
735
3
1335
15
198
16
12
1
1064
1783
0
16
142
1688
821
1
41
687
12
17
1626
266
78
0
1
31
1
131
165
3
1657
2267
345
228
379
131
154
11
787
1
1510
78
15
236
63
205
0
10
0
111
10
177
17
14
6
251
0
0
1312
519
2
0
8
263
787
12
2141
83
9
3
400
8
0
250
12
15
725
2
0
0
0
1304
0
8
1289
72
700
63
1763
95
1
457
14
5
0
528
13
1
2315
7
2117
10
0
2320
158
0
455
241
140
13
946
892
1779
1
1502
0
177
9
1
1
58
231
0
5
1
453
147
1630
1
0
217
1
1094
897
124
1
1
10
14
2298
2
3
271
1485
0
10
78
3
1128
9
94
168
1
1
186
8
68
2274
113
12
0
1737
143
3
507
240
11
0
1
17
16
10
0
6
460
436
10
158
2024
2271
1414
2
1
1189
2009
1
1415
51
1521
7
7
1
55
220
1
1936
1493
60
5
121
115
1746
3
11
215
0
265
1428
1008
14
1480
1034
1
16
0
16
1
226
7
597
73
8
267
0
116
1133
1
1720
3
1705
200
17
266
1662
15
17
1
9
0
0
5
121
58
1665
173
2027
5
44
70
6
105
0
205
15
16
1930
38
0
2235
13
818
1719
1225
120
2
6
17
1888
214
1
16
15
32
194
1742
492
0
3
1665
0
12
2172
0
163
0
1
8
479
1
1
1
7
1091
141
1591
543
0
0
302
80
1612
65
0
167
1077
25
0
15
1434
958
1
1
53
13
0
2138
0
11
3
0
1
191
1731
1
18
35
231
1934
121
579
15
14
0
1202
281
3
0
10
1514
822
37
1
301
1
1057
5
7
4
4
0
0
0
15
1975
9
1467
1513
9
52
10
216
12
1
5
4
1
3
6
154
0
0
15
182
1
218
1
5
1693
1
92
