#method=quickcheck
#elapsed_picoseconds=201629000
2008
1452
871
114
325
1581
1025
651
1906
51
1852
1283
951
2039
1977
1441
1505
207
1261
1244
1592
1278
1517
1489
191
827
303
1320
1771
1931
293
651
1243
839
1072
121
475
64
714
1307
1183
590
1307
1961
1323
1759
773
1957
1769
762
562
66
1760
837
1981
87
1086
1923
1161
1761
1956
258
1003
2028
227
1361
1991
379
1329
779
452
638
88
479
1047
990
1791
1619
1030
249
936
1487
1722
980
401
87
1343
1251
1200
563
842
405
1314
639
1902
1144
1128
2002
306
118
775
1489
291
1877
1709
1830
1882
1856
482
1991
1894
1186
447
1745
128
1638
1395
1643
1876
1913
1077
252
1723
327
1322
1208
385
778
553
1029
46
1936
1879
919
656
1446
1496
788
1990
386
1100
1813
56
2047
233
1011
1653
1713
357
1028
36
34
1144
1427
835
403
80
1696
1123
368
116
1586
1326
1234
1148
304
348
883
632
1285
395
1826
10
1546
883
380
342
1380
1682
1106
967
1804
148
1097
680
629
1345
1460
1733
51
1956
1848
435
1773
1566
571
323
311
1361
1433
805
1176
1131
1529
1153
348
114
1090
449
1424
1785
1898
202
177
624
1044
1933
1397
1253
525
1270
2043
373
136
927
693
695
1873
1486
853
877
1820
1553
1864
1253
941
523
482
432
739
454
1776
1288
451
257
1548
1924
1508
957
653
1344
185
1183
1555
2011
321
347
607
1810
1252
650
232
616
1569
1546
1061
1739
1672
1965
1213
1772
1283
1350
1529
819
992
823
862
267
946
178
943
365
1591
4
1173
1171
1828
1117
1270
1175
1368
518
480
1860
568
829
1608
1911
1319
47
581
2002
1102
1803
267
654
849
579
972
211
622
2013
2035
1795
1648
515
557
1287
1789
1656
1369
1685
1554
1915
1245
297
1525
1829
700
1658
1470
1316
1625
376
1291
50
633
1615
1031
1327
1434
1761
1712
1188
959
1123
1942
1181
1517
163
688
1705
1484
341
1431
1092
414
835
661
391
1972
1544
480
88
1625
1238
1089
791
1977
838
1276
94
1765
591
980
762
1240
245
684
527
1314
720
1913
572
1392
151
463
1010
1514
1313
2015
1480
336
1460
1788
1470
677
1113
367
1965
808
754
556
22
1015
857
1471
458
568
1988
1907
226
1407
1255
14
1577
833
1808
1329
608
90
1081
1522
1152
1278
1962
228
604
799
1056
471
1053
212
2004
1803
1468
1823
1666
860
109
1828
723
1776
743
399
1811
1089
1045
981
690
333
1544
1194
78
399
1663
926
488
384
606
1682
1996
438
914
267
1866
347
1471
1217
563
1426
399
1300
1302
1339
360
1030
1657
448
1135
672
1374
475
560
1708
243
1466
134
1068
481
1722
1766
240
148
1512
949
1618
1643
1757
1698
786
725
1465
578
1546
1187
1701
481
580
685
2021
1212
1464
619
986
1665
1908
1680
1997
959
964
1508
1165
1165
473
375
820
797
1863
497
271
1634
14
1234
575
855
1000
252
1552
1952
1733
97
413
853
761
1795
144
1987
551
1242
1712
125
137
592
1326
1865
1510
147
711
533
1620
1925
350
1305
1092
309
63
1483
1928
1709
814
1115
305
918
1142
1021
1697
1694
1385
1124
1112
468
28
850
1425
1243
1263
1963
648
1301
1149
1672
1576
437
1485
563
368
1172
292
1968
1408
1312
1644
1623
1729
1312
1647
359
629
1021
311
729
1986
851
1298
115
249
1742
341
436
5
918
1524
1872
1505
680
1357
1296
613
1152
87
515
376
720
1272
1329
1685
1011
2009
876
1910
1123
2008
1189
779
1957
394
275
238
798
1025
243
1799
94
1740
839
1328
147
1242
1059
1734
703
402
52
1838
1152
1733
667
426
1898
1568
273
1571
594
1768
1769
1196
44
716
1143
668
432
1960
759
1881
1564
441
1017
1167
128
862
867
144
35
1327
1225
852
1599
568
1808
653
152
621
213
214
883
657
1352
186
977
1666
888
111
551
1299
820
965
956
1037
2044
848
1232
778
1231
68
1268
583
137
142
55
286
528
1766
1075
1714
409
969
132
13
989
544
628
1820
1784
987
1973
780
1209
1340
1263
1726
261
121
1138
799
417
1443
461
1532
1959
1441
180
772
756
700
1513
1721
1585
660
375
1794
2039
735
224
1779
266
1445
450
793
905
1146
601
706
1071
1837
429
664
1142
1634
1128
1934
1690
614
335
1785
284
2036
198
1829
1710
2038
1958
125
1682
1682
1752
105
651
1531
860
1320
1264
807
898
1744
566
418
777
1658
1148
1616
231
1884
1220
67
1367
495
1043
1739
191
1915
2007
323
922
1256
1068
518
1425
1292
387
1597
1651
1722
1781
1879
1493
1886
1123
947
1919
769
883
1858
338
1937
1792
1619
1061
546
30
768
1532
264
1684
1148
79
1699
1887
396
1272
161
483
930
1921
359
1331
1010
182
1699
1360
1781
631
39
1498
1360
1873
928
2031
1696
1485
1909
1426
896
408
243
1403
1741
455
487
860
1166
109
1294
531
126
1044
100
610
1274
1128
925
1029
9
305
1436
1609
2046
1466
959
199
1359
1468
1716
1791
1717
4
875
1863
1196
679
1649
409
97
1993
1345
305
1726
1544
1899
1510
371
384
1214
1227
946
647
1951
1151
1836
179
207
1917
930
1594
1016
868
132
2027
403
994
1807
394
1557
1522
1610
1594
45
1898
839
1556
1797
311
1672
1243
247
761
832
1413
135
513
1883
1965
532
66
778
377
418
471
772
534
1201
1411
1812
398
822
1276
1085
846
1112
