#method=quickcheck
#elapsed_picoseconds=171915000
0
14
975
1
1514
702
94
128
838
1868
901
1881
139
269
451
3
8
562
0
0
1597
8
116
226
120
0
609
17
99
120
310
13
37
1175
2034
211
1
1
4
12
952
1
1
1
121
2165
114
425
7
83
0
1628
4
8
2308
1
2
1898
7
14
0
216
16
3
258
156
1841
2196
1281
2150
122
5
47
3
14
1795
1352
0
1
2091
59
223
3
309
1460
1451
54
145
10
14
1
2
16
14
938
7
884
1239
12
217
1
1
148
1
14
74
10
9
123
1633
1354
1
13
270
148
198
1403
0
0
200
3
7
1253
1
210
13
1352
13
1
732
6
470
810
116
189
249
1
1865
963
0
1
18
1
118
1
0
218
16
1
128
186
958
266
0
1
0
114
0
0
66
2139
1
44
1768
221
1
14
0
12
7
13
1024
87
1
1
151
10
1
1
337
75
2
30
1840
1780
30
1
0
713
14
822
262
40
9
0
17
4
1
4
327
1
21
0
0
1543
1373
17
1775
2273
2
121
2163
2101
8
1969
13
1
31
1
8
985
8
52
0
564
2
0
59
14
762
2165
0
126
1
1818
1
1448
0
268
1107
113
1744
0
1
14
4
166
6
0
37
1
1994
2
183
12
15
167
103
8
99
0
823
176
0
1
5
0
210
4
12
97
386
133
1
1
17
3
183
2
1646
10
164
6
5
113
6
0
855
1
1
2168
370
1930
2286
2089
251
0
868
1
14
1377
613
78
8
1
6
1
1
127
0
73
195
7
10
126
12
54
104
117
1
1267
4
0
62
113
1
1
1
61
0
5
6
614
1615
37
13
0
2215
17
17
0
91
17
0
1
13
1045
17
470
1
2291
2142
14
8
1239
1
1
530
196
1
5
5
3
1067
8
1
0
2303
355
1900
372
16
1
116
1775
234
1
13
233
40
13
1
118
0
289
8
0
0
7
17
0
0
0
256
1
7
1
124
11
239
0
758
0
4
13
273
182
14
0
14
1
6
3
7
222
4
282
1
1
1
0
1
153
18
965
0
225
0
110
1958
2072
10
160
2289
134
20
17
0
1
0
0
2
222
270
3
4
212
0
741
579
981
1783
1968
194
0
1
6
1
0
1566
1
85
1459
1409
917
159
119
3
1
88
15
2060
4
8
11
73
1749
0
17
10
181
183
1153
225
80
2
0
7
263
26
272
15
10
1
1
1604
5
4
70
70
57
16
555
6
0
0
534
2177
6
14
145
1535
214
202
88
1
128
2043
149
97
59
208
4
0
8
1
255
5
1
16
1
1
17
42
1357
9
1982
13
1867
215
2112
0
253
0
1
1
859
11
407
15
1
2295
1352
890
1
120
80
113
252
1
155
0
1454
1
231
2189
1
5
4
10
10
91
1
1733
8
0
16
130
3
0
36
0
1865
627
134
1
2
2017
634
2302
2151
95
572
2110
166
1
62
317
1
50
5
760
2160
116
961
0
12
0
0
14
897
263
1
77
526
46
220
2213
225
2
0
9
9
0
4
151
13
13
721
1863
6
0
1844
13
1928
1053
1490
1
2160
260
70
1169
1
129
79
202
121
115
16
2
0
1
0
1892
0
1141
0
514
834
1
1432
1540
69
181
106
2
0
246
36
2029
105
5
1
0
176
2
5
1
271
92
145
1
216
249
1771
2245
13
248
1
2229
5
0
0
260
210
9
1806
258
9
1
0
118
744
610
8
81
169
1
1
581
1966
1
9
125
1142
4
1195
1123
10
12
76
1
1
4
1
3
14
1997
2139
0
1
1802
0
5
872
22
0
1588
1021
1
241
1
102
823
1
2
0
6
3
12
0
1985
267
236
6
1
11
2310
8
2
172
3
12
857
1
0
0
11
9
29
1217
16
0
1139
9
0
0
7
247
15
2
1046
11
1
829
241
27
80
1
1
1493
8
828
135
0
43
12
6
7
0
3
92
6
5
17
1
0
1
1
5
0
0
139
7
0
9
189
5
1755
107
1988
65
1
331
725
4
1503
1
1
1255
1
94
0
362
0
6
174
0
2056
1581
1
16
2
13
11
1245
15
15
0
3
200
1830
141
2
78
195
145
1983
1
1413
1
1802
1
8
7
1
14
4
6
9
1
1
182
17
0
0
0
2088
0
500
3
15
175
2118
9
0
3
842
76
265
263
156
0
1
1
1
2109
65
1
237
215
1872
77
215
0
160
369
3
45
1471
10
3
17
15
0
15
831
1299
5
1144
164
1
9
85
10
255
3
142
11
480
0
144
2154
511
9
366
13
13
116
3
78
13
1642
1715
0
4
751
785
13
0
3
1
17
2302
1227
1
112
113
0
1
1990
985
225
9
0
1219
1
1211
738
0
174
9
108
0
264
24
3
1626
0
124
156
141
2242
186
159
0
1
1908
0
1
1
119
1337
9
6
40
74
1
0
88
