#method=quickcheck
#elapsed_picoseconds=174179000
1873
0
267
1649
13
17
7
325
71
0
1132
0
221
223
3
269
0
16
13
1156
9
203
18
211
1
77
0
145
0
0
1441
62
246
322
147
7
260
1519
2
15
39
60
254
1306
492
593
77
2032
226
13
0
1
251
1252
683
76
13
2157
13
0
0
0
5
108
141
9
15
99
153
133
9
0
112
4
9
1
9
10
14
0
128
5
148
8
27
82
1612
112
12
1945
1544
1
0
273
79
9
5
1
458
138
1
9
78
87
1
2168
1
17
1166
12
69
33
2054
11
1046
5
13
1
1384
1
44
175
2183
0
1303
151
251
1
0
1275
0
13
644
7
577
4
0
9
441
159
55
5
1
1082
190
1
77
16
6
1
4
1321
334
6
126
2063
1205
376
2118
0
1
44
160
14
5
108
1
1
0
0
6
230
1508
1847
1141
1
2159
12
1923
4
247
9
1
338
582
0
237
2137
242
1
0
0
25
0
1
1386
0
0
3
239
17
2116
0
13
0
1
1753
15
190
1
13
0
0
1067
799
0
1
0
113
12
1393
1
190
734
91
7
5
272
919
340
0
176
193
0
15
757
8
10
1267
225
1
273
91
90
1
86
0
36
120
539
0
16
0
110
0
1
1
7
3
258
1219
2230
1363
260
6
51
13
1429
106
253
0
0
7
1
15
10
2245
10
1833
17
14
1157
1
59
0
0
1757
0
17
68
315
4
199
200
2191
0
46
10
166
10
0
117
1463
16
3
2168
1098
250
5
903
16
130
3
0
44
1
1
334
17
0
0
117
1667
15
224
146
5
180
4
1218
0
0
129
1753
569
1
213
5
1908
1
2
85
1971
14
108
1461
10
1883
1335
112
644
1
307
0
1905
1
10
0
990
1
1
0
209
8
5
664
304
6
109
1461
2315
0
12
17
195
1884
3
1
1256
163
0
120
1
147
32
15
0
0
0
779
1328
1783
1
4
97
264
1
60
0
755
171
2111
1
206
1
31
0
5
1040
10
17
0
11
1804
16
10
912
0
346
0
1750
183
5
2296
5
3
2106
0
974
14
145
1
9
566
1783
116
934
1801
948
1274
33
1
458
1
14
0
2123
7
1
1
1114
3
189
371
121
16
1
758
846
207
12
1
2232
166
246
353
65
11
180
78
148
536
0
593
1253
112
8
1420
95
2077
248
1
92
224
1
0
370
120
1559
175
0
20
396
5
0
0
251
0
1
0
277
249
179
1500
112
12
10
31
85
1057
17
861
1
0
13
2181
583
1040
174
0
12
1
1456
0
1
2
1
10
8
1
10
46
761
1
0
2205
3
351
1724
8
35
116
40
254
4
4
1690
7
9
16
229
255
143
1648
12
2303
144
16
83
39
1
6
991
1
11
138
431
162
1270
244
1774
99
1
263
51
4
231
1018
1565
10
0
1
9
630
0
4
1973
4
699
1431
1822
36
53
54
1462
15
1
1
1
1
0
93
4
960
2232
1
209
9
0
745
253
4
0
1845
0
229
2
237
1155
1800
83
15
2071
216
200
5
81
126
0
0
239
0
15
1235
227
0
211
1
9
215
204
1
0
2
1897
2122
6
0
872
1
17
11
17
194
11
12
121
0
1981
112
1864
640
0
1
139
168
0
160
22
0
2028
0
1622
209
931
1
249
4
1
235
2070
1
1251
1
1299
2319
16
240
1
0
117
0
1290
11
546
2213
90
267
4
9
247
25
1
35
17
0
675
1
766
1
2089
944
84
40
402
1
194
4
0
86
1120
1
1
1
16
406
1701
691
365
7
217
0
1133
1467
104
8
3
1070
15
47
17
2111
1
16
816
1
1
0
0
15
14
1298
37
2
8
154
1
1
236
3
7
4
17
39
67
1849
202
1861
1011
0
1163
238
199
0
5
1696
190
76
229
12
1
180
1
186
13
95
220
0
16
39
1
0
1011
13
256
13
14
1442
16
34
14
144
1051
41
155
193
0
16
251
15
498
2043
131
72
190
0
14
17
15
7
100
14
17
188
122
0
25
84
459
80
0
58
461
0
9
10
604
609
4
1940
0
1
118
2142
2140
217
7
1
101
195
2246
1988
9
1
170
87
101
228
1
252
1
4
0
0
104
1626
147
4
14
114
2
15
1194
221
237
15
2
14
1004
1
3
1719
110
8
258
261
15
0
80
0
3
0
2165
1496
12
1122
246
1368
1174
9
1782
959
227
2
3
1982
1436
1000
69
12
165
1395
1
191
1596
87
1
0
6
1
12
54
16
158
1
5
145
1
1
14
0
415
1409
354
1
0
1687
1986
63
1
1
0
1
7
1
1
0
17
614
146
0
1
500
191
1
16
1255
1807
0
582
1
9
192
118
1
6
77
1
106
1
10
160
2084
0
12
187
1
1769
1
0
144
0
0
263
1
6
2
1186
768
61
1664
3
110
1549
1068
1913
15
120
2156
1
