#method=quickcheck
#elapsed_picoseconds=161379000
631
15
1111
5
529
1111
2
1055
852
1108
1102
1049
1
1109
1090
1042
1104
1056
1083
9
1060
1003
1085
883
1107
15
1104
13
1106
1065
1108
3
1048
669
1069
1041
407
575
1108
587
693
1111
540
1095
765
1098
1095
12
900
1040
962
303
1110
554
1105
1107
981
108
11
1108
3
1046
1107
69
1101
11
1104
92
1042
937
1107
1052
1099
1060
6
1
1
14
1105
1111
1043
394
1105
1109
1093
1055
1108
1092
209
449
1058
8
575
1107
1072
112
318
7
294
1063
1108
1078
402
1048
1
6
1098
1106
855
8
3
15
398
881
1100
428
1111
1111
788
747
1040
12
13
4
197
2
770
1101
1109
1
1101
1110
435
7
1105
812
5
1077
1
1029
1050
8
532
1050
463
11
1109
43
679
4
1096
690
3
1054
1110
1051
470
11
1082
1105
1080
14
1105
973
11
1093
2
256
73
928
848
1063
1111
9
1106
352
15
13
1054
1104
1051
1106
946
5
8
922
760
1043
1077
1111
6
1055
3
4
1
1083
934
933
1048
1046
661
355
10
346
1067
348
1105
1093
1110
1103
11
1058
286
525
1090
1072
89
7
1111
4
1103
1077
820
7
1094
488
1058
1109
1080
1
1073
8
1071
165
474
1074
72
8
1048
582
0
1111
1106
1110
1081
766
1105
11
1111
1083
15
1111
4
1108
7
1111
32
1090
2
7
10
1057
1057
1079
14
1081
1054
1106
1106
348
49
627
1041
6
6
1044
1059
1108
1067
1067
1067
291
1097
1096
1086
1084
7
6
366
1090
1
3
1074
1061
1111
1106
12
1
1041
1106
1045
1102
1094
1107
15
1104
1110
1104
1107
7
1110
15
6
286
1
1046
343
2
1111
1085
1077
1105
13
9
68
1107
819
1
1107
1080
10
1051
1109
1085
14
1040
1108
280
597
1107
1106
1106
4
1111
1110
1080
775
1107
1104
1071
1108
1104
0
543
1044
1108
14
77
1110
217
449
1109
13
1105
1019
1111
9
1063
667
8
1108
12
1106
326
307
344
1
8
1050
1097
6
1099
896
1111
488
129
1104
453
1105
12
1110
1049
1104
1060
5
1082
1045
278
1074
1109
1108
872
1054
1104
1070
157
110
1049
1050
8
854
1104
10
7
1074
1107
9
1091
1041
1086
1054
587
1014
589
1053
7
1055
1098
1087
248
649
1105
25
14
6
1045
8
1108
1083
1091
7
68
1072
2
14
5
641
679
1105
5
1111
1050
1054
10
292
1081
1052
1083
1096
950
1104
1059
3
285
1077
347
1109
1110
645
874
6
2
1107
321
1107
1098
1084
15
279
260
10
1107
1109
837
522
1106
15
273
2
1083
1110
1110
478
1085
2
469
0
1045
1056
1087
1068
1110
683
14
1061
919
1058
1111
1051
15
1110
4
1061
1105
1104
1007
1061
9
1110
0
11
1107
3
12
15
1108
1107
220
56
1058
1105
1
1
15
784
1071
1110
1105
1067
1108
589
13
1109
1066
1052
5
1104
270
412
9
1071
1074
13
1094
9
1104
994
396
13
1106
1090
1040
1105
700
1107
2
927
12
1109
1047
5
1062
257
0
1104
308
1107
1106
1068
1066
1109
1104
1044
1046
796
1084
1104
1070
317
11
725
470
1078
101
985
514
4
8
1095
182
233
8
311
1108
168
1057
364
1084
9
1109
1024
1107
1042
1081
0
1104
1107
1049
1107
823
519
1106
1106
1050
179
871
7
839
14
1069
1111
0
1102
1098
1076
13
938
15
684
345
12
952
1104
1106
1099
1053
1102
780
1049
918
914
1105
0
1104
1085
0
138
198
1069
557
1089
1111
14
1091
1111
1111
896
1110
1106
1062
812
1105
995
1064
1109
5
888
1105
10
13
1111
773
1044
699
1078
1098
206
1105
105
777
1104
1107
3
594
1069
1102
1106
781
11
6
1111
1067
12
11
1111
15
2
0
4
984
1071
1061
3
1087
670
43
1080
413
16
1105
648
15
10
1110
7
1088
1031
1103
885
4
0
1108
1048
4
1106
915
835
11
926
501
538
916
1
1067
1104
1054
7
7
918
579
1043
705
1109
1069
393
13
2
356
60
1084
1092
810
14
1088
83
1111
283
1107
737
9
1108
1073
1104
1065
1111
10
526
1051
793
1089
1107
12
554
1110
1086
6
1109
175
1072
491
939
11
354
1105
387
708
1110
33
1111
510
1111
1107
14
1059
398
1073
648
1106
950
1050
1106
1076
8
1096
1050
1109
1110
469
3
1106
1109
1085
48
359
1084
9
1
3
1101
688
1109
1048
1111
1108
1045
464
176
280
1052
872
415
0
7
7
1045
1091
6
1104
1109
12
1103
1085
406
1106
1077
5
1111
1089
396
1110
329
8
1108
9
1105
1109
10
3
705
1062
502
1091
293
1089
1060
413
0
1107
3
1093
1070
339
1
1084
1106
14
980
0
1111
1109
1070
1108
681
6
1050
1061
322
1077
6
1104
1108
167
994
1111
1071
1006
13
1092
1065
811
1108
1041
1055
57
501
965
14
1090
205
1104
407
1
829
1110
731
8
1099
1110
1048
1107
1054
1052
1078
1106
7
1107
1110
1064
1043
15
114
80
1102
1104
1108
548
1050
13
708
1107
902
752
11
5
1107
356
1094
2
1050
1108
88
965
6
14
1080
1
135
374
14
1111
3
12
1057
1109
6
1106
1072
1040
1075
1103
1052
4
1074
1052
1083
14
15
4
1108
1104
1
381
9
5
1094
903
1095
1059
15
247
