#method=quickcheck
#elapsed_picoseconds=199415000
1655
208
1092
1146
1905
398
1418
721
219
415
284
77
1853
212
171
287
230
998
771
1368
1447
943
1170
1446
821
1207
825
1957
1772
94
22
1660
40
70
652
1447
1379
1441
954
2018
1511
1709
208
2019
64
768
2026
1152
1892
1531
1560
1876
129
164
1980
1710
1827
1722
1585
456
420
1949
94
1872
1923
411
1530
1175
779
1223
1744
1766
491
129
191
951
977
1832
1059
958
1860
257
1075
343
510
41
30
1182
890
1047
373
995
376
144
1330
1103
1978
685
1078
1906
361
122
1250
1058
860
193
203
441
724
1075
350
1930
1070
265
681
1333
1345
1378
138
940
286
66
1216
244
1507
231
1200
333
866
2035
1112
79
65
1528
1615
1949
1982
342
1389
684
1361
847
331
1101
959
314
1849
1920
422
1418
1483
1683
822
119
1993
1439
441
1346
1084
1505
737
1780
390
1161
1836
1515
141
207
507
1008
1038
737
87
1871
429
1429
118
1134
1483
1995
1074
1967
328
1921
132
1710
759
572
404
532
730
1722
286
1309
172
150
1369
1883
237
10
1436
959
1528
1753
1641
1006
1956
884
1914
1837
372
1775
588
1465
137
165
367
1143
2044
1952
1629
1883
1039
1507
55
225
2003
430
1678
2
362
1356
1549
2031
943
1023
787
1504
937
603
1127
674
1695
659
939
449
1609
1313
1057
1332
330
1705
855
22
1794
980
449
472
800
279
274
460
512
1170
868
641
550
34
829
4
120
648
213
677
1826
1969
451
1119
238
706
1870
1653
49
1062
275
1811
1347
905
735
595
817
1115
405
956
14
959
1482
769
948
76
616
1217
642
1149
2022
1426
548
1773
1190
1515
203
826
1365
1726
149
883
748
587
1839
509
633
996
1090
1571
1460
1681
268
1424
746
1105
493
58
922
1614
391
1175
1540
18
2035
1828
864
354
1394
1761
1688
1564
508
1631
678
1880
1990
1775
179
215
1145
656
537
1648
80
1997
761
1379
1563
448
1843
1046
167
507
410
340
1638
1292
617
1614
1956
1003
774
1038
362
371
355
19
342
1531
878
1261
983
1575
134
1652
1164
1663
216
1479
16
1264
202
1587
1122
678
147
722
331
1967
1556
1458
1739
1478
1432
103
1419
1624
1801
713
853
782
1213
1711
223
1708
1642
863
1319
1646
705
1497
1836
1568
1287
692
1429
1957
443
1712
2043
998
1295
333
1076
298
537
2013
1632
830
1154
514
522
1854
59
699
1027
1174
270
1011
1749
1530
604
522
1339
1909
1881
382
254
1162
1817
1217
210
1417
1773
295
544
57
787
716
1957
401
1161
713
769
624
80
1026
513
971
880
1777
1020
772
1488
1549
1098
1893
1875
1306
1835
1561
688
765
1639
1413
1407
782
127
824
1433
864
153
542
1675
450
353
1389
341
186
253
1678
1006
1152
1453
218
570
1415
455
1784
939
1141
224
1808
2014
996
661
1113
1723
1690
713
1753
2047
367
627
1821
1325
1795
1063
1852
1717
1235
22
757
383
649
1618
1453
355
1164
1570
1099
1644
734
1620
363
1038
489
1258
69
486
1858
554
930
1113
848
1137
1091
1077
69
1424
113
1077
15
328
1223
1752
1831
395
112
590
211
712
1613
1679
1607
1136
1637
731
1874
679
1984
1188
1695
847
1332
760
1828
1367
205
221
634
124
2004
1643
1143
129
1359
641
432
697
70
1230
86
1800
924
1783
1086
1019
194
1898
976
1455
1175
1596
1580
1340
950
1865
610
1943
1777
1040
1199
1056
629
261
355
264
39
1703
1968
1657
890
62
538
1948
870
100
757
1835
834
1121
692
1714
1635
987
1235
1064
1760
1116
678
943
1382
906
148
1749
1081
35
360
298
894
774
191
501
1054
933
1214
1218
288
590
1132
1616
406
1919
467
702
1583
1869
1234
1608
474
689
173
1222
1458
1717
288
680
400
440
1792
2000
273
879
129
1441
951
141
1349
1295
1725
1347
1746
940
99
825
1134
320
755
1610
65
412
1445
294
1869
325
1137
1602
351
67
593
37
1557
1142
1593
1226
264
864
712
1548
425
625
550
1273
1352
1285
846
690
546
1974
131
1312
1610
959
1869
345
1353
1455
1246
570
487
1344
570
1095
166
329
553
1031
1901
1866
1091
1991
322
1463
469
651
328
1123
44
1139
1704
111
924
1621
547
1032
1088
298
1918
1668
223
1007
1593
80
1013
433
298
1685
1215
1186
708
667
906
1316
874
1665
1780
1177
351
80
1595
1012
483
1588
196
1099
1302
326
1866
1455
1369
171
491
631
1235
303
1817
1413
1202
917
1940
1264
964
519
857
1820
1534
298
1962
152
817
718
430
377
993
1888
919
528
1328
212
1004
1522
424
199
845
1659
599
200
544
188
1906
1481
188
1217
785
1645
327
1014
1815
1331
284
681
1011
1352
1189
1518
1632
1152
506
114
388
885
566
1622
1350
1773
1784
1460
265
691
211
1716
836
377
685
1241
1183
1017
1291
1618
1217
266
1106
863
1465
885
1746
559
451
347
1706
1828
1751
123
143
63
1467
377
1103
161
2011
791
587
879
792
1725
1260
1080
128
1622
446
823
1585
198
1085
55
1215
1894
921
446
649
967
277
330
1614
1873
1442
797
1825
763
643
461
1067
1513
1322
309
1831
1838
1729
548
1083
686
1910
249
1632
1796
1066
461
68
1541
842
2027
1998
1693
277
1127
1015
996
1725
1565
427
332
1626
823
116
92
179
1741
1916
401
4
1836
1997
1011
572
