#method=quickcheck
#elapsed_picoseconds=236330000
4
210
135
10
102
1115
0
15
11
1283
3
17
650
259
0
0
1
269
230
1034
1
0
6
7
2015
0
263
1791
14
0
112
1
14
1496
285
0
17
4
183
1
16
740
204
1
14
272
0
2194
8
181
13
2197
150
107
1
270
122
1
46
8
96
0
2206
225
15
7
17
16
0
17
2
11
1795
971
1
0
140
195
0
177
2
16
0
1
48
267
1425
17
1497
1
2217
385
1
14
0
0
0
189
192
251
530
6
206
229
8
672
12
2
180
14
397
13
268
41
3
116
2180
197
5
1223
8
217
207
133
731
147
6
12
2022
113
11
4
262
265
1
115
5
2
2129
486
485
1
376
16
0
198
1559
7
6
1018
3
0
1316
1499
198
0
157
150
205
1257
2
1470
1607
1
97
3
0
1
2
0
1274
193
63
1
201
82
250
2
279
13
364
1
1822
1
1322
0
1462
1
1669
1
2053
1338
0
1328
119
200
1
137
829
7
8
2
16
1
0
4
10
193
1908
0
173
1208
11
0
969
217
8
1565
8
400
129
15
101
333
141
233
14
37
244
2145
241
219
45
157
7
9
823
0
151
77
1
1
1
17
6
4
1748
1575
811
0
2135
7
1892
74
14
9
71
0
180
625
54
0
0
769
12
933
1
0
1960
9
1866
14
121
47
849
1
136
0
204
1
55
145
1
1
622
1464
16
564
107
12
0
0
1
408
0
154
9
25
269
144
2000
7
1846
123
1
1
973
7
203
91
14
2236
0
14
15
5
198
0
2157
8
3
0
792
189
208
1
6
1
9
4
1730
1
214
40
1876
80
54
0
0
17
1458
1
0
601
1481
804
504
12
111
764
15
1651
1
1
6
16
3
421
17
99
14
1
726
395
675
2311
13
2135
1
1967
2107
1045
253
2043
1757
5
186
615
1
1
17
191
3
48
2
861
259
270
12
10
9
137
3
5
1646
2318
120
110
0
1824
0
2
179
1832
115
0
6
1
11
3
548
14
1
16
144
11
47
0
3
0
161
1661
1
1
0
0
57
96
1
136
21
262
9
96
4
2084
1
1338
2295
3
1233
213
867
153
16
1
17
1762
1
385
10
1821
161
1
119
14
16
1568
1944
5
10
1031
85
12
0
14
187
15
268
2062
0
1665
17
1233
11
0
0
252
9
5
136
0
10
16
20
219
757
186
1495
82
1842
55
123
1936
219
0
1
0
1850
7
1304
13
0
8
11
11
288
110
9
1427
1467
0
1
0
201
11
1263
212
1476
240
17
1718
213
230
0
9
273
2
1226
1
8
0
920
249
10
1590
1
1
1
0
1
919
1951
1
6
1
73
1
15
1
1040
161
7
8
2
0
467
1896
194
1513
111
1758
8
11
8
334
107
15
1
0
9
1496
2006
1
118
1
98
0
243
0
221
897
5
0
957
6
828
1
74
4
2083
9
32
1
7
430
1953
0
4
3
148
1327
2188
1
991
175
1
627
16
7
228
0
6
11
1
11
80
45
0
0
95
7
10
1
0
405
1
7
32
0
1443
2015
17
0
150
0
8
108
553
36
330
127
15
1798
7
17
106
1905
16
250
13
1982
728
16
1
2
132
0
15
1
1814
1023
130
316
94
2202
0
7
0
54
0
146
0
16
1159
31
0
516
3
219
17
4
30
1
17
38
1
396
167
135
1
256
208
2234
17
836
166
4
264
26
26
1977
3
1
1
341
1
1536
427
11
177
193
147
15
14
1
0
6
2
493
3
31
999
10
733
1475
2
14
47
1952
14
10
737
0
922
0
1
37
1168
111
233
2
872
87
5
16
113
221
762
5
17
245
226
486
912
1049
0
0
0
2
267
46
408
0
5
211
35
0
9
1067
131
413
0
1271
150
1654
58
236
64
176
45
53
8
2109
264
1
1
26
12
1
1
1
183
1188
1846
9
221
85
126
1
0
11
10
112
1134
1
2
0
203
1298
2
27
1803
265
61
24
1
185
163
1
1
29
17
2106
5
0
1
1
0
1
1
0
715
0
301
1
2099
13
41
89
1
111
194
0
849
269
106
115
1134
205
136
976
17
1546
2186
1837
5
1
6
55
1
5
950
161
1
2
15
642
15
2
0
0
71
12
42
1
0
11
254
16
1186
8
2320
269
13
161
48
2119
137
151
6
573
1897
0
0
1
15
0
0
266
215
118
0
11
0
125
383
0
62
10
30
1
110
170
1292
84
399
10
1
16
1
1048
4
4
136
105
223
858
17
1280
1
172
0
34
177
754
47
13
1921
203
0
16
0
1538
1
13
430
633
1211
1871
1301
0
8
0
10
2095
0
3
16
194
359
136
13
1
1057
1
11
1840
0
1751
1931
109
137
1071
396
1
1
0
0
0
37
15
1609
4
1048
314
0
1161
0
2231
129
0
0
90
249
0
1
6
10
3
