#method=quickcheck
#elapsed_picoseconds=156802000
1087
803
203
38
1104
992
1052
99
1109
1107
677
1110
9
1074
194
806
1111
1108
58
1106
1061
679
1106
1097
60
9
14
14
568
1104
1053
1065
1108
1110
1086
1105
10
1110
263
15
485
507
6
427
1105
2
1107
263
14
14
510
4
1082
1109
7
1110
1107
1104
1099
0
1107
1109
1109
546
1109
1081
1059
189
4
1104
723
961
1
435
1050
1092
12
1046
157
6
1101
12
1
7
267
7
1111
326
6
1048
15
21
14
258
1074
6
15
1110
1098
255
1105
1109
0
1107
1109
12
494
0
1089
273
102
1106
1061
2
1095
13
1110
411
175
13
1109
1082
584
474
4
1
1105
1056
2
14
477
1105
342
246
1043
12
1106
153
9
822
7
1085
1046
1109
1107
1105
14
1107
1094
694
1104
1
10
13
1109
190
1061
469
1097
202
353
794
1028
662
3
607
565
7
5
11
814
1110
915
1107
1105
1080
13
1111
1109
1111
1111
1048
13
9
1108
1071
356
1048
105
440
1
34
1092
1062
1111
32
1052
1059
1110
5
1110
1108
1110
1111
1109
705
311
328
606
1
197
1087
773
8
1057
276
1106
1104
629
617
15
249
15
690
0
1105
1105
428
9
6
220
0
14
12
1075
615
15
509
1078
1110
0
1056
1081
263
963
536
1062
280
876
1051
1107
798
287
1104
1
12
1109
3
241
1067
2
1110
855
1071
1070
15
451
1109
1041
1052
1
360
13
1106
1070
1097
8
0
746
1107
322
1105
1044
508
1059
4
1010
745
3
15
60
1104
850
1081
3
10
4
1109
1068
12
1045
12
342
1045
1045
1106
567
0
1047
1070
9
1106
1109
481
1079
624
1043
1110
15
1104
12
1096
869
434
8
690
1105
9
870
1067
58
2
774
1111
1044
1108
1047
1076
11
1106
1061
1050
0
1061
1059
1108
12
0
1056
11
1109
730
1110
13
972
14
240
629
730
11
508
391
841
1047
1059
6
5
1
1046
1072
441
1066
9
592
1087
1053
7
1042
1110
292
1108
1108
102
1107
8
15
1069
1042
1005
110
3
1106
47
1042
604
10
1044
1087
1081
952
595
1105
4
70
1041
1109
1105
96
1110
1045
303
1105
1106
1043
932
1047
746
366
457
3
15
13
1062
1056
384
1051
1094
1055
3
1104
1070
0
9
496
11
17
5
847
915
1
1105
15
1107
12
1104
1107
620
1106
1088
1107
442
1109
8
1083
13
282
5
1063
11
952
162
1106
1089
1063
97
1110
201
1111
10
517
406
1110
198
3
1104
885
8
586
1083
1106
476
0
194
625
566
1047
197
1102
1104
1104
542
6
5
1080
1104
497
2
1105
1104
1086
391
1107
576
1098
1111
1099
1062
1105
4
5
1102
1089
1063
1108
1069
13
1103
1109
11
1059
1076
6
4
1057
8
719
644
206
1086
1079
1108
9
1046
6
1111
13
837
1094
632
1092
43
438
1054
1076
14
11
1105
1105
755
11
652
669
408
9
1068
243
357
52
2
1
1042
247
1086
1095
5
990
1044
1055
959
1109
1040
1054
837
1105
283
355
14
1110
1043
110
737
1107
1104
11
1109
1107
1047
1105
2
200
1079
13
1105
638
1070
493
1105
1107
1101
1097
1105
1104
1100
25
12
1108
13
1042
11
937
318
1049
1067
1017
1111
703
1106
1081
1108
13
1061
1011
1105
1111
1044
1
1109
11
3
808
461
587
1063
438
539
3
15
686
4
1103
1092
0
744
1106
4
12
505
12
1083
1098
1069
1039
871
1105
795
1108
1105
5
13
1109
12
522
230
1
944
78
1091
1047
11
1105
455
6
1111
5
976
1093
1106
9
1069
1
1053
1072
65
5
1104
342
1042
397
1109
885
1082
42
15
1049
1109
1074
274
9
1111
1084
1067
1104
6
1070
1109
1082
1111
280
14
1062
1110
1107
11
563
1059
1084
1108
1
1057
354
1105
29
1048
678
4
1072
989
1111
13
609
15
1111
6
4
9
5
2
6
1106
1047
1052
157
1089
781
9
919
0
1105
1109
6
1073
1109
1080
997
915
229
7
1103
503
761
1104
1061
1089
15
1110
1079
4
4
1105
411
6
486
1111
12
588
4
281
1093
542
751
1097
7
1049
1095
1106
1083
1051
1107
1047
1060
1108
566
1109
1044
663
1109
1110
622
1070
11
1065
1096
2
506
1106
15
667
988
210
1045
4
1109
1110
1068
1065
536
1105
1107
1000
1103
5
141
1104
1097
1080
792
3
1106
10
2
296
11
5
5
1103
814
1111
1105
7
2
1080
223
1067
1086
26
953
11
830
1069
223
1106
1106
1107
388
1061
1048
1111
1110
1052
1091
1058
9
1104
1111
5
1106
0
1078
1083
10
408
613
992
1079
241
4
26
1058
582
6
9
3
1100
1098
1104
1097
290
1054
1111
4
1107
385
1070
811
1066
1105
408
1108
1109
1092
1053
1101
1071
7
1109
1072
1057
846
1108
467
6
1109
1088
2
6
1098
264
389
1107
12
1105
1075
1106
651
1107
1108
1104
1083
889
454
794
1050
909
1107
1108
1054
8
1047
1109
1106
13
1076
1102
1105
1049
1049
468
1108
8
1105
1111
1082
569
938
1042
671
955
1110
1095
1077
1057
1086
1107
1096
15
4
1109
882
977
1106
14
92
1100
1093
88
1079
2
1111
1094
737
1041
1071
1110
643
1
1110
6
1
1106
1087
1105
11
12
1109
1107
5
1047
263
321
7
