#method=quickcheck
#elapsed_picoseconds=212976000
805
140
930
827
673
1611
1340
393
598
1977
1626
1960
1752
933
2025
327
610
2042
1647
73
847
1683
1676
1796
1650
1813
1052
1682
783
1035
992
497
915
802
1164
1282
1658
1223
1166
782
1465
1339
169
1797
326
935
582
499
1532
1600
1134
548
1220
635
612
109
809
1167
1298
2012
1623
606
2005
731
1281
1683
18
1808
455
1110
1182
1309
188
1802
1082
1938
466
1711
171
1239
1718
375
481
1430
572
273
512
1326
1302
1488
1704
1882
1054
297
525
2013
1203
349
232
175
867
719
613
963
316
153
1008
1550
1338
1446
875
545
595
506
647
1982
820
1647
262
567
1893
1698
2022
1076
521
1005
817
1992
1810
1017
718
1468
718
270
941
557
787
719
611
800
725
208
912
977
1592
658
783
1000
1404
1576
795
1509
951
911
991
1154
1495
1659
52
1117
1571
1131
83
51
1393
1445
615
642
554
722
860
1402
1321
939
253
518
702
207
1212
670
1599
1638
760
1907
852
563
1669
1378
1586
835
44
1537
703
1787
136
33
1738
1792
1951
1276
1058
279
908
1528
1568
1227
372
2013
1572
1786
882
1444
183
1809
769
362
670
1198
348
1190
1785
229
1488
1791
413
1333
1289
848
1783
1127
784
1137
1951
397
1116
1866
961
386
993
987
1475
1444
1871
289
1497
16
290
1810
1027
1003
1053
253
322
2039
1976
549
1765
1996
593
1795
2045
1240
932
1956
187
1572
1578
876
116
1892
1375
1828
2037
368
1084
1732
552
1659
1224
535
1807
494
50
793
1473
824
522
942
1686
1340
1474
1022
2009
186
1181
848
69
1327
1316
1451
914
912
650
1931
698
465
383
733
1037
1450
544
1063
221
1884
185
758
1772
458
1732
1519
706
1099
187
1390
1368
1328
301
833
792
747
1947
402
1602
836
1708
1698
544
527
893
1629
364
1699
137
2025
1850
1623
104
1852
719
1064
1865
1474
296
1606
244
1704
633
1241
1933
1258
557
1196
1795
310
304
457
1268
556
709
1818
509
1803
112
80
1601
148
521
1152
1088
662
1796
1034
477
277
935
572
1084
799
592
1109
403
1086
1723
1338
75
1262
763
220
1992
1914
1145
656
534
2011
356
1895
1080
1564
309
1235
920
1589
491
278
1833
557
196
1529
776
90
946
1794
1757
1712
842
337
1430
603
1867
1789
1695
205
1977
228
801
2007
1249
210
184
1836
1741
1403
1999
665
979
135
2020
326
1535
1946
630
65
678
742
194
680
297
1471
2034
1979
1593
215
925
1474
1132
1542
1561
389
511
408
336
1870
1737
371
141
721
1829
953
977
107
1661
1655
1138
1031
837
147
257
135
322
22
1473
1219
839
1477
1669
1887
926
1648
152
15
1580
1414
1351
81
38
567
1174
1984
1710
1914
285
497
1987
1496
1886
1235
406
1210
1007
1304
23
1046
635
527
470
1200
1615
1374
1862
1789
1337
1951
52
863
1142
1721
1814
742
852
438
820
1500
1260
650
1706
1856
1484
1189
1282
1070
956
494
185
1962
1116
56
184
1334
302
2035
449
1853
1896
707
1254
759
1733
1949
707
1070
1804
999
140
518
1369
457
1841
458
897
839
1091
714
303
1277
1458
1085
1886
2011
1119
1654
794
461
829
1630
75
423
697
886
1958
1672
915
1120
310
198
1762
614
419
825
1057
1705
1717
1604
1549
17
1635
1337
619
688
308
772
1804
140
378
1255
1651
575
1610
255
604
1192
499
1087
103
386
1139
1627
161
1613
70
615
1636
1551
1915
1216
803
872
687
1031
897
1660
2026
1206
1170
5
1630
1311
24
1018
165
639
768
1243
1287
205
1650
91
374
1226
1508
1941
1322
353
1639
51
1933
94
1764
645
739
453
364
920
349
559
1137
1870
1792
1732
1305
748
631
1137
539
30
1758
863
508
516
1127
148
269
1444
626
45
359
1523
468
626
1624
116
341
507
539
2016
761
121
958
1799
388
729
18
1546
627
1901
152
226
201
685
1535
1154
525
274
410
1822
1606
609
2025
165
1984
500
930
1493
1910
236
1934
1676
1432
894
1242
1289
1596
489
1760
1761
1502
914
1272
2046
1655
235
1312
372
191
1857
1832
386
859
740
364
381
1252
1641
91
1275
1962
1477
2043
1858
941
2034
1715
1953
1831
724
1437
5
1582
972
681
335
1707
790
1336
1165
1820
724
1034
768
1994
660
797
724
1772
813
1894
425
968
714
1657
1909
85
224
1122
700
184
1515
271
218
2000
1238
1062
961
456
62
4
985
1007
413
958
883
1824
296
77
1347
1609
1935
1503
1261
473
593
2003
1621
511
148
566
667
707
339
388
245
1019
1083
415
2036
59
715
1012
1473
414
655
596
22
242
699
1545
372
1320
513
451
129
325
1245
1811
299
1031
1896
1305
280
1480
1430
984
117
1093
1806
1884
9
363
795
1900
1066
75
691
960
1427
1631
1048
1014
1704
242
1054
1282
845
1775
313
2022
242
737
1977
180
1765
225
2021
1055
983
226
756
554
1569
644
1931
579
1930
669
1865
508
520
1016
655
788
1666
409
51
1658
1702
1277
1531
231
70
776
493
1774
594
595
1297
48
1321
877
689
1198
242
835
239
565
1256
1478
892
415
1390
1093
1076
641
1380
1552
774
1358
1240
41
1740
1636
1874
1925
927
1823
399
1145
221
831
993
626
838
964
130
275
900
100
1356
1412
733
1776
487
1304
1919
1602
293
1484
1495
1576
557
1106
1388
