#method=quickcheck
#elapsed_picoseconds=230191000
39
6281
118
92
6284
76
124
3018
3975
6277
93
97
6282
6281
1275
173
3940
5244
3972
6282
4161
5369
20
2243
36
6273
4005
97
6282
5117
6282
1661
6185
18
109
6279
124
4896
6285
6280
94
984
3078
204
5245
2050
6286
1360
3356
2677
6287
5047
5553
765
488
60
6285
1488
49
50
3670
118
3036
4508
63
464
4629
5058
6285
776
1004
113
1166
6279
690
5802
677
94
6283
6273
6283
3
42
127
4137
2600
2942
6282
6287
938
3167
81
2442
5918
17
64
6277
6071
119
413
6273
5421
45
6231
3588
4821
6284
1760
1778
6286
38
13
277
105
6280
242
120
6274
1523
6274
2108
3700
4521
1854
101
4894
6282
1971
2061
45
6281
323
6272
4780
119
117
3488
2831
1244
4015
81
92
32
3902
4264
6276
38
6272
6285
92
623
6274
108
94
4044
6280
6285
85
1454
1039
17
5776
6283
3588
6276
2039
23
724
120
1432
66
6286
2665
6276
68
6286
1546
6275
95
41
32
47
5605
86
19
102
388
210
794
20
6279
6069
724
35
6280
62
1986
1893
5594
17
4512
2176
6286
3978
6272
6281
6283
6277
74
2766
6281
1263
2165
5229
5243
68
58
1933
1439
400
5876
6274
1884
6275
73
6284
4018
6284
69
6274
6279
30
5250
6275
6279
1230
6275
748
2838
6274
100
6272
150
3748
2977
5129
3040
4944
10
5
6277
6281
102
6284
6109
91
98
108
6272
482
6286
1379
6276
2423
1277
1162
3797
295
483
4925
6281
4466
341
47
2062
5554
5854
1222
35
1915
930
6281
5151
6272
6
118
125
6273
83
6276
4583
4343
95
451
314
6273
3983
2011
5073
5528
80
1327
23
3877
5567
61
5536
6284
2461
1012
34
43
6280
3507
1873
2765
1144
6280
420
33
614
2480
3960
6276
37
6274
6280
1048
5854
1613
98
45
5614
6283
2228
398
786
40
568
111
1583
2059
84
4147
3562
545
50
6273
100
26
5939
368
72
4837
65
28
4160
399
5838
114
70
6287
6283
4151
2169
21
6284
6276
194
6275
3290
6287
3209
5271
378
6282
1398
1987
14
6285
5990
6278
6274
13
2119
25
3102
89
6276
1654
83
1431
6274
1244
1769
1932
4768
13
6287
1891
3944
6274
910
5163
1666
73
3001
15
45
3
3380
5545
6286
6279
6278
2620
4079
698
5317
4609
6282
6275
6282
1656
6275
4159
4362
101
1250
6278
962
95
4697
5933
14
501
1125
71
251
6279
110
2981
1543
386
948
1479
5778
4612
42
121
272
2045
3
64
12
90
6279
4273
106
1182
6280
6268
513
439
58
103
6287
6273
7
6280
641
52
59
76
34
5856
4034
3780
1961
2688
3822
6276
103
73
84
4298
43
25
88
31
44
1
4729
1271
305
6276
6273
107
5478
2137
56
1272
6273
2991
2757
4388
86
5870
6276
1985
6278
2198
5277
6282
6284
3690
97
6272
6277
2950
4681
40
3447
6283
6277
37
6275
6280
90
1322
1927
5871
3724
72
6280
3711
6277
495
6273
3652
6279
6275
77
6275
3041
1
6276
6110
3402
5292
3845
6275
575
33
50
6284
1259
6274
383
1680
481
32
2284
105
2208
6286
2970
5602
5154
3368
6281
5563
6282
570
6284
6278
117
6276
1289
1826
26
1562
59
6280
1015
257
6273
2681
6280
7
1606
776
2233
3025
1007
1589
6285
46
891
2804
11
4218
2556
2167
30
90
4231
6278
6276
89
6273
3943
2656
74
286
1342
5714
5804
112
1327
1382
904
6273
3562
2715
29
5613
1528
396
87
6287
6276
1804
62
6277
2823
1133
6272
1862
1791
5443
510
6091
165
1555
1299
11
6277
277
1699
6282
563
5186
104
4924
100
5245
33
5261
381
3550
5481
6275
58
55
35
225
54
685
4869
56
45
2025
835
4623
833
8
3101
818
177
864
4725
70
2148
96
32
1972
6285
6279
6287
6272
1072
51
20
108
970
813
6272
2655
4752
3497
5026
6274
4622
2394
814
6275
6281
6108
13
6273
71
3834
191
0
5456
2056
6283
4169
4518
123
6287
5423
6276
6142
6273
6287
3781
391
6284
6207
1948
1753
1897
2256
50
247
6280
4582
6283
3415
1265
737
4207
79
3733
0
6272
6276
833
6277
5446
3901
6277
6281
6277
6279
24
80
8
3791
5101
3895
6287
1347
63
52
190
6275
6280
2603
6284
4056
81
77
2825
6272
5125
1192
94
60
1963
6281
6272
39
106
119
1347
39
3703
2758
6281
3306
116
2
6273
1646
6287
19
6283
6172
115
1463
6274
6279
6278
6282
476
6282
2077
95
6284
6276
223
1
66
2643
6120
6272
6281
1764
4021
1431
3432
521
1796
6273
6272
6287
2332
3110
6
6272
111
638
60
2652
6280
86
101
8
923
1605
1680
1214
24
87
1854
6284
1686
3603
2964
53
6285
6282
124
5295
2376
6208
6279
3518
2651
6277
29
127
1375
751
6273
45
3623
3634
6273
230
118
497
1562
120
6277
959
6160
6272
587
1359
2921
6277
6274
76
118
6275
4216
6276
5483
602
1621
6285
6279
2659
6275
6274
6282
109
6278
6
841
6273
335
6287
868
6286
4598
2580
6281
279
115
69
113
2153
939
2237
6286
125
97
1032
3272
2038
5495
26
5987
83
6273
3689
1187
1581
1457
511
46
59
5885
74
6284
6041
5725
3490
635
6281
6281
6283
2564
4254
59
52
6277
67
599
652
4922
5946
6277
6276
2002
1062
6279
4070
4179
187
3404
6277
1908
1990
459
4753
1459
6278
1664
989
6276
6285
2663
497
121
6273
6275
6283
3727
2720
4978
2550
90
69
253
37
6273
2095
5150
1716
28
87
6284
2624
1660
