#method=quickcheck
#elapsed_picoseconds=193396000
1092
1045
251
1104
205
14
1105
1050
502
1107
1047
1108
1088
1050
1077
1081
2
1047
983
8
11
1111
1100
1109
242
4
1106
1
1109
1111
10
4
5
155
1048
43
1050
1084
2
741
1105
466
1104
817
1107
1104
1104
1102
1105
1042
1105
3
1060
1045
818
1105
445
1111
1104
1066
1109
986
1
131
298
177
1105
352
1105
1110
900
384
943
1106
4
410
1110
1068
1078
6
433
2
888
1058
998
14
1107
505
299
364
1
779
1107
8
1105
0
775
1111
467
815
769
590
1105
14
1057
680
8
1079
1108
1111
1109
1064
1063
1104
1105
755
452
1064
1102
1105
1107
607
1105
98
1061
463
1079
1106
1105
807
645
12
1110
1107
1048
716
97
9
72
42
4
1065
931
1105
1105
11
11
1060
1092
1110
1106
1105
1110
1093
1060
1040
1
785
10
0
6
14
1105
1107
524
1054
1045
1068
612
132
964
227
1
3
1108
251
217
577
1106
782
10
0
798
1043
15
1107
1
0
488
1086
1107
1108
1108
1
235
1108
7
15
13
1108
1040
143
5
8
1098
1077
1063
3
1104
492
2
1104
341
1081
0
1080
13
1070
7
381
49
1109
1093
14
1077
1
1108
789
7
857
1085
1105
675
328
1087
1110
407
1106
1109
1111
486
1067
1106
1107
7
1074
7
1073
13
0
1105
1111
14
1103
1069
12
3
11
508
1106
1084
14
8
750
1048
65
13
2
13
535
1058
1108
1056
1057
3
7
1017
990
1
494
1067
343
0
486
5
5
1051
1077
1062
13
4
1111
1108
9
338
1071
915
1051
747
10
1102
11
1109
1109
760
6
1096
1110
1106
11
1105
627
1085
1065
1107
1095
0
1041
1089
1110
1108
4
12
9
1109
15
1065
1105
707
1110
474
1108
582
12
564
15
297
1105
9
472
420
1107
1109
15
1070
1011
524
8
7
1089
1098
5
3
1110
4
533
252
443
1042
1108
758
1065
1082
1109
1075
13
1042
10
1108
847
8
1077
1086
528
2
312
1108
1108
1067
1044
574
8
723
1111
1107
646
1050
821
883
1107
1108
1108
1106
1104
715
13
1085
1080
606
1109
858
19
1107
104
1104
1069
223
552
510
890
1049
2
5
9
1107
9
1088
12
1060
917
1109
857
12
9
1104
0
9
11
1110
7
1105
1054
1
1105
1111
1104
1102
450
1041
17
816
1012
3
1057
1043
1097
1105
1107
1087
3
437
408
1074
1078
1109
1105
9
0
1107
1079
12
1111
1110
810
1109
959
1093
21
15
1082
1108
1067
1109
1111
0
1110
1107
1110
1081
1088
1104
871
1059
1072
1044
13
1108
9
6
134
1043
1104
1042
6
4
1078
981
894
1080
1054
1108
1105
1111
1104
1065
356
1072
9
322
1082
1033
936
1087
392
6
1070
1109
1111
1058
1109
1063
713
1106
1068
996
655
1057
1061
540
15
1048
1067
453
1108
4
1107
43
1108
1043
1010
1111
5
10
1076
1106
413
1107
349
1100
864
2
1104
1106
412
11
5
1100
1084
572
1067
13
852
1048
269
8
1106
3
1110
1111
1091
4
1043
1104
1061
6
1067
1109
2
1109
10
1063
2
1110
1
1104
1103
1092
14
15
1048
98
7
1105
725
1104
1107
1104
1109
1069
1041
1096
781
600
1111
1086
6
9
420
1064
6
1105
1108
13
15
451
1110
1083
1092
700
1101
6
8
1106
3
1072
1110
945
1108
1109
11
1083
52
1104
9
1070
1097
174
13
1064
1077
383
11
1098
104
713
0
260
1105
1111
6
1048
3
292
7
11
96
1042
1108
201
1110
1105
1075
1109
1111
12
1109
841
1104
986
1111
1100
1098
1108
1065
1064
1099
1063
13
1068
1104
11
255
1051
557
354
1108
10
4
1071
513
2
1105
618
3
6
1111
1108
11
1107
1082
629
918
1104
1105
1053
1059
380
10
6
1111
7
1062
1109
1106
1104
1056
1106
1089
866
635
503
1057
1048
7
1091
13
15
1069
567
9
1054
923
1
1098
438
0
11
1068
1041
1107
1080
1107
188
0
1110
0
1
1084
9
1106
1041
1041
1111
497
1049
1105
1082
1111
1102
1107
1094
1088
13
11
416
1053
785
297
1107
1100
7
761
10
1109
1046
453
13
658
1106
1106
0
1097
889
330
5
1104
184
1066
933
1095
557
2
1107
1109
1107
1082
15
9
1072
14
1110
1110
1109
1080
1053
1110
14
1069
7
172
7
1072
1110
8
11
1107
1041
1050
1091
7
51
1103
1107
1110
0
1104
10
150
552
1107
666
1056
1062
0
759
6
1093
1088
15
1108
1093
1105
1073
1073
1108
1105
8
1078
1080
5
1100
1105
1108
1096
1107
1105
1106
1098
1091
1084
1111
1051
8
1109
1061
8
1043
167
1106
6
1105
1106
372
2
1110
1081
1107
11
1106
11
8
1069
1106
61
3
671
1057
230
1109
13
1049
1071
298
1043
1108
1090
1107
2
370
8
2
1041
128
1111
1108
130
7
1090
1108
10
1082
225
1099
1070
476
647
614
741
176
408
1108
713
1104
1104
1108
158
346
8
1106
918
0
1104
1049
1108
1111
1072
8
12
7
1111
887
12
9
650
11
1042
1105
1108
1105
1106
1110
1095
4
1
329
1059
15
1110
1106
1079
1082
523
1109
1065
1036
1107
1110
742
1109
1073
1069
555
1108
1109
7
1104
1062
824
1048
12
1067
1098
1110
793
271
414
1028
1046
4
1105
797
4
11
706
1051
1080
1111
0
452
1067
