#method=quickcheck
#elapsed_picoseconds=201649000
2420
749
2420
1536
2482
3
100
2487
2230
76
32
2333
44
26
2467
59
2418
2333
32
2484
2414
93
2486
18
51
1345
2244
1033
115
86
92
2306
2465
64
792
1120
2095
353
2484
2489
1874
2464
2301
310
2474
20
2232
45
378
2212
2450
796
1313
2206
460
2263
2240
1634
103
1366
2487
2354
2443
2289
2433
2385
38
2473
2476
80
59
2211
120
99
2147
1866
86
76
2301
1998
2472
2276
2142
2327
2447
104
2171
2469
2301
2043
1511
1643
1126
55
2482
60
2485
2340
2495
2455
2173
2487
758
2433
55
2337
2185
2435
2476
2268
2476
119
526
1428
2493
59
2486
2402
104
2450
80
2314
2495
2272
108
76
26
2453
2494
313
2179
123
2347
2309
126
2256
2475
1796
2470
154
2398
2310
2470
56
2480
78
1666
1167
53
683
1915
2265
2351
1687
2
2450
2434
60
2234
106
79
2448
2481
16
3
453
2446
121
2467
113
2200
41
65
2436
802
275
2440
1308
2257
1724
7
2491
2458
2458
2319
2445
2458
2290
81
66
2471
2344
2287
2337
2281
1319
1504
2328
2435
1558
2433
2438
2260
2468
2384
107
106
2322
91
2290
398
34
1199
2206
2251
2219
77
2399
6
2264
173
1866
2409
2433
2464
2458
2482
126
2479
8
2406
104
1160
2304
2322
2462
1050
2307
2440
126
2003
72
2475
900
142
93
2212
2441
2449
2293
120
1810
1810
2388
1762
2027
41
2349
2352
101
84
2422
2433
114
2482
639
15
2296
124
120
2342
2490
2432
83
2313
2350
2469
65
2481
2444
2446
2461
4
339
2224
125
431
2218
2432
2448
775
2204
2493
2217
2433
2217
2328
4
76
24
2445
2405
2224
2301
7
2440
2432
819
118
698
35
1613
63
2224
2308
2475
2033
2309
2314
2334
2202
2447
578
1842
2439
114
82
2434
753
2349
2331
2240
58
2438
2339
2248
2324
2318
1849
301
2265
25
2436
654
2217
1475
962
591
80
1777
2393
2319
95
2457
2424
2437
2178
76
2416
2428
2398
1346
384
2370
58
2408
6
69
2241
1727
63
62
2487
2439
34
35
2348
2486
2232
42
2480
1990
549
843
41
2393
2226
273
2353
435
1568
2255
2468
2458
2410
17
55
2489
94
79
1999
2302
23
2196
2462
348
2179
1983
1378
1362
2303
2278
2458
2208
1333
89
2451
2462
91
2343
2237
2210
2335
2479
69
900
500
2475
2462
701
2223
1697
2196
111
2432
547
66
2330
4
2430
1284
457
2472
2244
110
2263
1133
1022
2385
35
1561
124
943
2234
2331
1335
2186
2360
2478
7
837
2417
2437
1289
2214
1352
2347
1505
2281
2317
322
2258
2461
2465
63
2489
6
512
2404
46
1636
1341
1765
2462
1839
4
2439
10
94
39
1045
2225
1660
886
65
791
2245
95
2491
2433
26
1912
2449
2485
2473
2491
11
100
2464
125
107
4
2468
1128
2398
2457
1258
2387
89
2442
2394
1018
38
53
2244
1595
2279
299
2460
65
2480
2194
1392
22
561
1335
54
2405
1786
2365
2234
776
115
61
2332
2490
598
2346
126
122
2464
829
2402
734
104
1893
28
957
2162
2476
835
2341
2312
2480
1549
20
2460
2095
1456
85
2488
2462
1791
60
2438
2394
2295
2445
2237
2361
119
2270
2436
73
52
41
2363
2427
2489
1372
92
2459
29
2374
40
2350
1998
2202
92
2424
2190
2485
693
2199
2447
2493
777
712
46
1513
2079
2490
1806
1291
21
2475
2285
2336
28
2462
2284
586
2453
2426
897
2465
1528
2353
62
446
271
118
1650
2182
140
57
1873
121
105
2308
54
2021
2393
70
2444
0
2481
124
2443
2231
2172
993
1496
2364
1824
118
2483
2454
2484
2407
2229
6
2248
2434
1133
1343
2483
34
1266
2378
2491
85
604
22
2458
677
20
68
2211
2452
2468
100
867
2275
2450
1907
629
38
946
0
2424
11
2331
2460
2476
2454
2479
2466
1618
2472
2417
1977
2447
2347
16
2183
2206
2309
2450
72
2430
58
2477
1152
2329
2335
2318
2202
60
2075
1352
2473
1972
2008
2207
1711
2463
2452
2299
2463
2450
2176
2485
106
47
2447
419
2490
2459
2446
2454
1477
117
1067
2487
2467
996
98
31
2481
2449
96
2364
2412
2131
1674
121
2446
2217
1907
17
2488
745
2472
80
67
2463
121
110
8
103
2312
82
2346
1071
1242
2469
2388
811
2128
102
106
2440
82
2455
2435
2443
969
71
39
2224
64
2457
2463
2301
1728
2312
2450
2209
2444
19
2486
52
2270
2473
1893
2432
2463
2287
2379
2194
2491
70
2233
2491
830
115
1521
2416
2240
476
2327
2202
1202
2226
2298
115
2228
933
2440
1785
2282
1560
2462
3
73
2435
1796
2207
99
2478
2483
3
2454
2331
82
2441
1487
2426
2445
2494
19
2284
2413
2483
2364
284
2223
975
8
2469
1156
75
68
2407
2478
111
302
843
2162
2413
2315
121
47
302
1889
2471
2448
2369
46
270
2370
2475
1680
938
2313
34
2464
2270
108
2441
99
127
28
2313
2437
2476
2158
106
805
2493
65
2445
1276
2462
67
2459
1179
2441
2449
2195
2382
60
2476
2471
37
2190
2440
2282
2432
2293
1243
2453
46
1448
2462
66
1300
2224
2491
1673
2361
69
2416
2090
66
2368
2453
78
78
2196
37
1690
2441
2438
100
83
2435
881
2213
2187
21
48
95
2412
6
2386
2449
20
1970
1483
1134
2460
1572
2363
26
57
2465
2469
2476
2212
2448
119
46
2459
2312
2239
1981
2342
57
2454
2443
66
517
2384
1319
1
92
2334
89
2464
417
89
97
2432
123
815
2325
2444
74
