#method=quickcheck
#elapsed_picoseconds=242289000
872
1726
1178
1433
2032
1147
1044
1573
286
853
1475
597
686
1082
929
542
897
1147
1498
1355
179
1253
2010
1032
786
471
1885
1126
1895
864
614
1821
1430
1159
1546
1373
1197
1889
558
623
629
53
430
471
2043
843
277
512
1932
525
857
703
1884
508
1381
669
662
1918
1812
421
450
233
784
1588
1083
431
1828
866
1365
1803
1890
1160
1708
153
1754
65
972
330
1244
858
790
849
555
1244
2
1759
1061
1296
835
493
759
1523
397
1741
54
1774
1023
1344
1165
1083
1370
218
1913
248
469
274
142
279
1713
561
1646
51
625
1729
1432
1238
414
1037
902
143
714
1560
909
45
818
465
1683
684
1522
1355
1577
1042
221
670
607
874
1655
298
630
1659
1456
1604
1180
1120
1626
1785
1581
834
827
1092
948
832
1181
882
1655
103
44
894
653
2015
956
691
1602
637
602
1457
2003
584
1853
2021
32
826
752
885
1373
968
716
797
1260
1506
93
1379
1338
106
1838
1557
1467
1914
881
707
1841
956
958
690
1680
1694
490
238
85
1118
62
126
1553
1087
1524
1939
1531
733
145
1879
1811
117
1408
405
934
438
710
402
1372
673
319
1375
1610
1634
965
758
331
500
1682
72
548
685
171
706
952
1299
1627
2017
1379
100
1281
1297
1062
650
1296
3
1781
128
1741
1147
407
1867
1736
975
1801
1681
507
74
838
1867
1677
607
309
188
325
1624
1436
1971
1766
794
698
1478
1353
889
1916
577
530
1674
340
1183
1915
401
513
1763
1330
1933
635
479
1971
2036
193
713
1273
1289
652
1175
95
1569
184
203
1752
1471
1532
57
870
725
988
727
1654
1548
551
793
1903
731
434
1012
1142
784
333
808
1634
1713
2031
1980
1566
1386
1883
693
1527
1509
595
168
531
1417
1285
979
23
1852
1808
1523
906
1096
861
1753
357
1903
1794
1094
133
1894
1827
1731
1077
1493
1300
1893
246
1271
1095
606
155
975
1814
1516
1977
1359
1022
692
400
1544
1800
1005
1336
326
586
1391
630
2030
114
817
190
1948
420
554
1455
1184
178
365
400
679
837
875
77
1067
962
209
241
1324
658
1749
1953
1588
1272
783
1262
650
1197
414
1876
1350
1064
1931
306
884
1693
397
1296
240
510
1197
318
1857
381
427
462
279
1091
888
1189
1035
1959
1734
536
1442
505
2044
2001
1107
662
1049
1400
1417
572
222
1527
1436
1825
1000
1704
714
443
84
510
994
827
11
866
343
255
1384
670
1624
1128
1595
420
1990
1678
540
1556
1329
650
1217
1704
1595
608
1520
32
1532
1007
298
705
849
746
91
769
542
1645
287
887
729
586
443
2031
838
1966
1535
1954
1224
1548
1491
146
1540
520
854
1042
94
208
1516
958
1951
574
1803
315
564
976
659
980
927
1733
1548
1549
1254
451
1757
655
1561
106
331
209
833
645
1231
76
1519
277
1063
1854
536
1044
1017
206
1255
1949
1162
38
560
1895
1662
440
1783
712
976
1574
684
1266
1524
1487
927
903
663
2000
1457
951
1831
1131
1966
866
378
425
590
1363
1044
634
148
311
1488
381
1921
1427
1625
758
1274
895
1122
1776
1988
1803
12
1734
1727
430
1283
1582
1841
1160
318
2023
1331
981
1041
1124
967
776
581
303
1278
525
1040
2014
531
701
530
1880
635
1952
705
1219
563
884
52
306
1901
66
236
96
1273
1262
422
989
112
1423
564
26
1106
1083
371
1940
361
836
1391
1359
1517
317
1969
1472
1865
560
133
460
828
254
1424
448
270
1217
976
1893
1730
114
387
1696
79
218
1601
1264
691
186
2003
1065
504
1554
414
1476
1986
1965
1809
157
1441
811
407
470
1262
1941
627
532
769
1536
1960
1046
1055
1666
673
1541
544
685
1815
1288
1907
2036
1555
235
64
1455
1977
1657
1214
751
259
719
2002
1484
567
413
484
1752
897
1935
1267
1217
1067
206
1578
1801
1702
325
310
1637
718
1532
1008
1182
1445
412
455
628
495
1729
863
1123
828
804
1668
1978
955
199
624
828
948
582
1152
872
1176
1507
906
1712
354
1453
1688
1328
1400
299
1106
450
792
1498
576
232
774
1475
1586
1478
755
1324
1247
839
1229
1434
895
1825
2045
922
1863
2033
1175
1507
881
103
100
31
1458
1445
686
1929
625
1415
2000
1016
1046
463
1572
1270
1426
1259
910
1963
1302
1094
1843
1061
390
1919
253
968
1024
1736
635
1396
2042
1390
1908
1684
580
584
721
2039
601
1313
423
177
325
416
796
1785
463
1696
279
1599
1893
233
1652
1463
322
258
1081
1150
843
1708
1368
916
605
838
1713
867
422
1382
1651
323
563
1051
525
882
1691
54
983
1208
339
28
971
1109
968
694
1332
1851
368
605
340
206
86
905
1997
1470
1739
371
1687
1834
929
2037
485
926
953
551
1253
887
493
543
824
901
426
606
1910
241
237
582
2037
1191
1980
1247
1329
55
2043
243
999
1759
1449
810
39
890
41
1348
506
698
1747
1981
505
2009
449
1790
1478
532
96
319
1960
626
866
1947
1886
624
1719
590
1699
920
1004
1286
1345
861
1826
1411
1366
276
618
154
858
591
1159
2046
1948
1106
745
1560
1093
1603
475
877
1588
1378
30
321
247
469
2040
1035
1812
1508
1521
1570
1751
579
1577
397
1609
157
1119
1170
1826
1471
304
983
669
1199
1185
1236
1352
222
1943
792
502
1880
651
840
683
