#method=quickcheck
#elapsed_picoseconds=228999000
2860
749
5988
1536
6287
3
76
6287
2650
28
64
3753
84
50
6273
123
4446
3729
72
6284
6158
61
6284
34
99
1345
3672
1033
99
46
60
2286
6282
8
792
1120
2095
353
6281
6283
1874
6283
4209
310
6278
36
3612
85
378
5416
6281
796
1313
4094
460
2351
3604
1634
79
1366
6275
4122
6272
3593
6273
2333
70
6278
6279
32
115
2283
120
75
2147
1866
46
20
4937
1998
6278
3656
2142
3091
6278
80
2171
6276
3741
2043
1511
1643
1126
103
6284
116
6281
3644
6280
6284
2173
6284
758
6279
103
6157
3841
6281
6273
2508
6273
103
526
1428
6274
115
6284
2622
88
6287
32
2322
6284
5324
84
20
58
6274
6274
313
3539
123
3011
3465
126
3568
6274
1796
6275
154
3462
4726
6286
112
6273
30
1666
1167
101
683
1915
5133
4215
1687
2
6277
6275
116
3222
82
31
6278
6280
32
11
453
6279
121
6275
105
3064
81
1
6287
802
275
6280
1308
2849
1724
7
6278
6275
6279
3743
6273
6277
2402
41
10
6274
4460
4203
6137
5601
1319
1504
4516
6274
1558
6277
6279
2564
6283
3480
91
82
4082
59
3050
398
66
1199
3330
5127
2859
29
6099
6
4512
173
1866
2441
6279
6283
6272
6287
118
6274
16
5882
88
1160
5976
2954
6283
1050
2267
6283
126
2003
24
6272
900
142
61
5572
6282
6272
6129
112
1810
1810
5676
1762
2027
81
5473
5744
69
36
6254
6276
106
6274
639
23
2508
124
120
2698
6282
6279
43
4633
5806
6287
1
6282
6279
6277
6279
12
339
3996
125
431
6234
6276
6282
775
4720
6284
3893
6282
4709
4952
12
28
56
6282
5081
3992
4333
15
6285
6287
819
110
698
75
1613
127
4748
4296
6286
2033
4349
4386
4318
3974
6272
578
1842
6278
98
42
6281
753
3973
4083
2412
122
6277
5787
4424
4276
4482
1849
301
5821
49
6279
654
6209
1475
962
591
32
1777
4833
4675
63
6282
5004
6278
4358
20
5476
5988
2574
1346
384
5006
114
3072
6
5
5181
1727
119
126
6277
6276
74
67
2544
6272
4980
90
6277
1990
549
843
81
6109
5726
273
2589
435
1568
6023
6272
6282
5714
33
103
6286
62
31
1999
4466
39
2524
6281
348
2215
1983
1378
1362
4135
3362
6273
2668
1333
49
6286
6287
59
6143
3261
5250
5463
6272
13
900
500
6279
6278
701
2899
1697
4788
95
6278
547
2
5602
4
6206
1284
457
6284
6140
86
2919
1133
1022
6209
75
1561
124
943
4974
3955
1335
4166
5556
6275
15
837
5217
6281
1289
5878
1352
3923
1505
3381
4921
322
5422
6275
6286
119
6274
6
512
5644
94
1636
1341
1765
6272
1839
12
6274
18
62
71
1045
3893
1660
886
1
791
4989
63
6284
6272
50
1912
6274
6287
6283
6285
19
76
6279
125
91
4
6280
1128
5918
6277
1258
3515
57
6273
2986
1018
78
101
4044
1595
5775
299
6273
9
6274
3746
1392
38
561
1335
110
2249
1786
2633
3582
776
99
125
2412
6281
598
5102
126
122
6283
829
2842
734
88
1893
60
957
2162
6278
835
6261
5060
6284
1549
36
6273
2095
1456
37
6284
6283
1791
124
6273
3354
4339
6273
3529
4081
111
5354
6273
17
108
89
4075
4815
6278
1372
52
6276
61
5350
80
4894
1998
5726
52
2444
3962
6275
693
5147
6277
6278
777
712
86
1513
2079
6277
1806
1291
45
6278
4345
4204
60
6286
4104
586
6277
3654
897
6278
1528
2233
118
446
271
110
1650
4582
140
121
1873
121
81
3276
102
2021
3137
6
6286
8
6281
124
6277
3319
2172
993
1496
2248
1824
110
6282
6275
6279
2911
4641
6
5996
6279
1133
1343
6274
74
1266
5426
6277
37
604
38
6277
677
44
12
5283
6283
6273
68
867
2519
6278
1907
629
70
946
0
2180
27
5567
6279
6283
6279
6280
6287
1618
6285
2565
1977
6284
3419
40
6223
2602
2905
6274
24
4070
122
6276
1152
4301
3183
2294
5310
116
2075
1352
6277
1972
2008
3691
1711
6272
6274
4399
6285
6282
2776
6277
90
95
6277
419
6276
6281
6277
6274
1477
101
1067
6283
6285
996
74
55
6273
6274
72
5776
4896
2131
1674
121
6287
3705
1907
33
6287
745
6274
40
3
6275
113
94
24
79
5720
34
5918
1071
1242
6285
4636
811
2128
78
82
6278
42
6280
6283
6284
969
7
79
3136
0
6279
6273
5741
1728
5820
6281
4493
6286
35
6273
108
3750
6275
1893
6284
6284
6087
5771
3310
6272
14
4985
6284
830
107
1521
3204
2600
476
5111
2634
1202
3098
5070
99
5716
933
6280
1785
2898
1560
6272
11
25
6272
1796
4195
75
6285
6275
3
6280
4483
42
6283
1487
5526
6279
6274
43
5556
2525
6273
3076
284
3695
975
24
6274
1156
27
4
5827
6280
95
302
843
2162
3341
4431
113
95
302
1889
6275
6281
3857
94
270
6254
6278
1680
938
5537
66
6275
4882
92
6281
67
119
52
4033
6286
6274
2158
90
805
6280
9
6278
1276
6276
11
6282
1179
6274
6279
2655
2306
116
6286
6284
69
4678
6286
5978
6283
5161
1243
6277
86
1448
6284
10
1300
6232
6285
1673
2301
5
2404
2090
2
3980
6274
30
30
2732
77
1690
6280
6284
76
35
6281
881
3981
4099
45
104
55
2336
6
3070
6283
36
1970
1483
1134
6283
1572
4795
50
121
6283
6285
6285
2788
6279
111
94
6275
5600
4115
1981
2822
121
6277
6272
2
517
2724
1319
1
60
4682
57
6272
417
49
73
6281
115
815
3501
6283
26
