#method=quickcheck
#elapsed_picoseconds=174509000
0
272
169
0
1
1
1
1687
2
268
1699
1777
0
513
1479
180
1
9
0
6
0
1
3
0
0
2101
239
139
50
7
1
247
14
1884
63
0
1185
0
600
1513
9
1201
239
4
1
10
76
1
16
1282
221
2314
1
2251
0
2140
602
326
833
15
514
222
839
256
1
0
768
12
1307
151
183
0
94
8
9
766
1764
136
0
10
244
2
5
10
0
1
188
1
1
160
15
94
0
4
0
165
243
214
1234
13
555
116
139
10
105
30
0
7
16
1
6
8
16
0
5
149
14
1178
820
38
36
8
2285
0
153
11
16
4
68
119
0
392
6
2017
332
1276
153
1
88
95
34
552
227
1650
91
224
45
1124
1
1
17
0
1
122
771
1943
84
13
3
1912
1664
0
93
11
720
11
231
0
5
12
14
1
174
1620
142
3
11
2221
1
942
209
1
2251
0
13
1220
1
12
1
140
0
9
11
18
194
9
6
0
1790
42
458
147
1
1462
1136
0
487
1484
1033
241
1
2157
2178
187
2174
143
1275
0
0
4
1
2
7
1464
54
102
206
0
13
2
0
195
7
1
255
223
100
0
0
1978
1663
2
166
8
1
1833
70
5
0
781
1785
1477
0
13
1
208
862
12
1
118
54
179
155
185
8
1734
351
7
0
111
59
226
1
1889
202
990
1468
1383
1
2054
14
14
0
1678
1
0
2026
5
250
5
1995
275
0
0
4
208
136
1200
19
0
224
0
16
4
107
1
30
222
1776
13
1307
1
1579
1
912
111
17
13
1063
250
77
198
0
1587
44
106
0
1
14
172
0
1594
7
2074
539
2300
405
9
167
178
1454
334
1850
0
15
11
123
1202
0
0
1
62
1
148
233
0
1
8
12
160
0
0
4
3
1
4
215
912
1969
502
203
2170
153
16
11
890
487
98
0
0
1
2065
4
8
48
686
1843
1
122
5
6
1183
1
14
1
33
0
0
14
41
135
201
96
1
6
49
2098
101
2
212
756
737
133
1783
6
374
1
4
11
139
1
1448
3
1853
9
1
1
784
1
1590
1
14
1
1
6
0
10
11
31
798
106
0
42
575
1550
54
0
670
1552
0
0
12
12
2278
2096
1
132
7
205
7
439
0
15
163
642
0
0
1
158
0
0
1909
1
127
11
1319
845
11
251
3
1466
1485
27
1
1
87
0
206
0
25
815
872
666
1
74
9
1126
5
2
127
15
17
15
17
5
12
0
0
1717
12
1
160
0
14
8
87
58
88
15
0
12
1107
2266
0
0
1
87
9
263
225
2022
1
206
17
237
424
2269
423
1601
9
1161
1
1171
1027
0
1
223
1
18
1
113
1331
69
9
0
425
0
392
14
1
246
0
1150
14
17
2
1
0
1
23
1350
437
8
0
1838
115
12
0
9
253
1
12
1735
118
1890
14
2300
521
13
1
192
1158
16
0
524
1429
199
2286
7
1
865
0
10
13
1427
12
17
1
1
1
3
18
0
12
1958
104
78
1726
1105
4
1189
12
883
1
1
1
1903
17
153
1
62
11
0
2
1
1
1
1
190
206
1137
0
0
107
229
845
1
1885
1
2220
9
5
10
12
761
2
106
2
9
140
0
185
120
15
702
0
12
1457
1001
0
7
13
1382
16
1398
1
1
1171
0
1420
1
1
65
11
36
1
17
1750
4
642
185
2231
16
11
10
10
4
2288
650
0
2084
96
16
14
1
0
1
15
0
93
1
2
46
14
133
0
51
0
1737
910
15
173
6
76
60
0
7
12
1578
7
2090
0
245
1515
0
221
0
1
8
0
1
5
10
11
1335
1
1068
30
349
13
1833
0
194
210
1829
1948
0
2250
16
1
8
2164
1
8
1104
1
69
639
15
1775
0
450
1452
2121
12
33
0
0
6
256
1301
266
1
1
1423
759
22
224
14
247
0
78
1575
0
1269
49
1603
0
112
1884
445
67
569
1
13
1
1
0
8
116
13
775
2278
42
937
2122
14
717
15
1
199
625
0
16
1253
16
1229
123
0
1
1
9
99
32
0
9
0
0
13
1
1
11
29
0
1
66
1830
25
715
119
13
8
4
1169
0
1
0
17
87
1
230
29
1
250
1340
11
16
1
1112
6
1320
0
52
1
1310
7
34
0
134
162
123
328
9
428
1
168
0
5
12
1
14
0
13
0
7
38
13
9
1
1
573
48
0
11
1
198
2001
5
589
0
1
1754
117
132
0
695
1
7
1233
0
0
17
1818
1
647
4
1308
704
53
20
14
0
1
940
15
27
1
149
0
1
1
164
219
14
5
0
1
1914
148
8
1
13
2247
1
2120
1572
52
28
1351
3
1
1
0
825
8
1840
264
10
194
1716
0
72
7
1195
131
1788
137
87
2310
6
0
225
1285
523
66
115
98
0
19
184
251
66
2204
650
0
1
8
10
1746
5
