#method=quickcheck
#elapsed_picoseconds=244452000
5449
110
5742
6277
6282
36
126
4988
4497
58
110
6280
3144
80
1613
960
3229
6286
1394
2613
6285
117
6276
91
1609
5478
6273
517
23
122
1761
38
90
4449
1821
6275
1960
50
1567
56
716
5346
5251
1457
56
6286
39
752
6278
6275
6275
4113
30
30
1011
1
4863
1090
5958
22
632
4296
118
60
22
863
6284
13
3327
6094
5362
75
445
6278
430
3
3336
4706
5442
126
1007
2631
6282
1263
5963
6155
955
112
124
5485
399
1193
1686
1543
6280
4521
96
37
3340
1161
2259
1966
51
692
6280
6280
653
561
418
2021
13
6119
6277
3191
3614
6285
127
31
1167
1491
111
1651
38
6277
6282
24
6276
491
79
6287
4014
492
3546
3711
6033
3542
35
996
6272
1951
2957
1131
6279
5232
6283
34
6277
6275
6287
1021
72
1638
623
4253
687
25
1758
2866
85
6279
113
6273
78
6279
6277
57
5897
3658
29
1176
65
1347
4597
6276
50
56
3396
6276
6274
3557
74
124
6282
32
6281
6280
99
5000
6274
6274
13
52
1196
150
6283
76
2170
6281
2011
6287
184
2303
1623
58
670
6287
1953
1381
111
1095
611
19
1440
3028
3526
6286
3706
6274
126
3184
24
6276
5873
5533
1869
1420
4666
1661
5091
6275
5583
1137
6281
6286
3312
6274
6284
5798
4697
1413
1832
6273
6284
16
6281
3121
6278
4885
6272
2539
2168
518
6273
1880
115
2166
94
2803
6278
90
6285
6071
6065
101
120
3711
731
3704
47
1265
4088
109
78
61
1943
3593
6281
3594
3667
1438
106
6274
40
2455
5
109
2899
3766
6287
37
126
3103
16
3686
6278
5956
779
6284
5529
1034
1996
1217
294
3640
2
31
294
94
1714
90
715
5426
27
4295
25
1061
14
5349
6285
125
19
4835
6276
109
6283
1405
5196
3902
1106
6283
4379
5810
6279
1938
5875
2260
5151
1078
69
6278
6287
5
1030
385
2241
2923
97
109
586
627
2455
3391
15
6279
6276
1718
6273
229
52
6282
2255
6143
509
4548
6280
6281
1228
6274
4574
6285
6286
945
2785
4452
6274
6287
2061
3474
4512
1358
115
54
6150
6272
2221
5869
5907
5215
1488
6107
2622
31
627
5021
1747
79
6273
50
480
4736
15
4508
1188
74
19
1508
1489
401
961
121
110
1678
434
698
1409
5700
300
20
6278
114
425
1514
1339
6285
1601
5304
22
932
95
59
643
1135
1134
6285
286
1940
52
102
6276
6272
6282
3991
6283
6018
6279
1783
11
1259
1345
2020
1619
1843
57
6277
6280
6216
16
4219
6275
91
10
5335
2993
1934
5226
383
1141
115
71
86
2866
85
4520
2476
5188
2761
372
5472
76
1959
6281
42
1428
2949
69
6283
812
6278
974
710
3059
4
3177
305
71
6279
966
5
2812
80
2472
2219
6279
116
4074
49
770
3075
4426
413
1885
6274
6286
6272
51
16
6274
106
2623
984
6279
6160
26
1966
17
3642
6279
6287
3644
2393
6280
75
5621
3490
6280
756
5113
4684
77
4643
6272
107
6281
5745
1755
2369
6284
12
5302
6287
74
923
1044
71
5815
6274
6287
1581
6277
68
6273
6274
4846
1474
46
44
6273
2799
1
838
5180
6286
1996
51
121
2257
4441
1279
6286
3653
4352
3454
4010
3250
6287
48
112
6285
99
1105
2011
6272
38
540
124
76
5280
6283
4853
6273
644
6281
87
6274
46
5970
3653
2919
4788
1917
460
665
1795
4321
4755
662
3175
1
74
38
6287
6286
18
2182
2525
93
1396
3596
1842
4474
120
1985
6285
1791
5797
2902
3094
3336
64
92
4456
1424
147
6215
1928
6275
4096
2705
6282
1293
1763
447
6279
5949
1288
6278
1354
3862
1588
6276
830
3411
6283
6287
46
5481
5300
23
58
104
4960
6281
2096
5620
6275
5672
6281
3999
6277
2701
17
96
82
289
6287
6280
799
6287
77
6285
6275
6281
29
26
114
1025
1639
52
1393
6286
6274
6274
112
6028
1520
6284
2104
3650
5469
6286
6278
6072
1349
5839
6287
3811
358
1466
1093
3288
108
1480
841
3023
6272
6096
1496
77
23
6282
6278
95
839
125
4127
6282
6281
1076
32
44
3878
1884
528
762
4502
1618
35
4864
6276
6283
120
42
6285
6278
2329
30
5153
109
6278
1968
974
50
183
16
1362
605
6285
1681
6285
6
1120
6276
818
144
985
2742
276
6278
79
1603
6286
6273
1015
6279
6284
73
6275
63
6273
6282
4014
24
935
5021
6283
6283
329
1438
6282
2446
3100
1126
5881
78
2012
5229
1364
6277
5087
2299
1338
47
50
6283
5475
60
1424
19
5403
2339
1402
10
6285
3449
2286
5497
3397
1460
74
932
6283
500
6272
1283
6276
100
78
1159
68
829
1887
6275
6276
4374
252
4992
667
55
5808
1787
57
2789
6272
5132
6274
1149
5061
56
1807
12
1979
99
109
4987
6272
395
5249
3056
789
6283
3605
6276
37
6276
45
648
442
1576
1437
4047
1276
98
6279
6274
38
71
6275
100
1685
3731
533
627
1971
113
4968
2281
3938
6275
5268
6276
6277
367
104
2020
53
6283
6281
451
45
4002
98
85
6285
756
731
1939
94
631
2818
3379
6287
5157
4287
5369
35
4618
27
228
5932
3667
2498
359
70
652
1834
3811
5276
5661
6282
1332
6285
17
70
105
111
6273
2273
2006
6274
461
40
6276
5572
685
6276
844
1656
83
1374
27
127
624
6280
309
236
510
5940
193
4737
6286
6275
1989
482
23
821
6278
81
6284
124
78
1026
6286
16
5093
6286
347
1971
121
59
49
475
874
5935
1441
798
3823
71
22
6286
5409
