#method=quickcheck
#elapsed_picoseconds=307065000
3424
5577
1387
6273
1341
111
6282
3434
1638
6277
2439
6280
3148
2914
3345
4041
69
5283
2119
33
53
6285
2300
6281
1378
71
6275
108
6279
6282
78
121
22
1291
6260
155
5386
5492
123
853
6284
1602
6283
929
6272
6285
6279
2354
6275
3966
6287
45
4860
2997
930
6286
557
6284
6273
3354
6280
2122
19
243
1434
289
6283
1488
6282
6274
1012
496
1055
6283
77
522
6287
2972
3418
118
545
119
2024
5386
1110
124
6281
1641
411
476
113
891
6276
94
6275
29
887
6282
1603
1951
1905
1726
6279
21
2961
1816
44
5695
6287
6284
6285
3224
2335
6272
6277
867
564
5744
5418
6281
6276
719
6280
210
5853
575
4643
6282
6274
1943
1781
51
6277
6275
4052
828
209
4
184
154
3
2889
2067
6284
6276
64
102
5772
4336
6276
6285
6282
6284
2461
5748
3584
62
897
76
99
34
109
6273
6282
1660
4602
5593
5800
1748
244
1076
1363
98
59
6287
1387
329
689
6279
1918
121
99
910
3899
102
6286
79
24
600
3742
6274
6282
6277
53
347
6286
50
109
59
6286
5748
255
95
29
4306
2945
5191
19
6279
604
52
6287
1477
5657
91
2248
83
3746
113
1517
161
6282
2921
26
2873
7
6287
1925
32
1993
4093
6278
1811
1464
5371
6278
519
6282
6278
6284
598
3315
6277
6275
57
5050
61
2497
65
40
6276
6286
95
5023
5205
101
60
13
620
6281
2456
78
14
1886
5972
1201
127
123
89
1671
2334
6284
5452
5965
118
20
2153
1102
72
606
3931
455
25
598
80
27
2475
3281
4146
66
114
6280
6279
30
1474
3911
2051
6071
1883
54
3910
69
6275
6275
872
85
4104
6274
6284
16
6285
739
5509
4785
6273
4499
87
2925
4361
6277
6272
118
3
120
6286
81
4541
6281
819
6279
1610
6285
1718
31
1700
15
1433
6275
115
584
1556
6276
6287
43
2622
1123
1660
93
39
4561
3934
88
15
6283
92
645
1388
1579
4414
6280
870
4385
5818
6278
5479
123
2210
13
6275
959
83
3657
5710
640
20
424
6276
6274
4167
2428
1710
87
1859
6274
6273
1782
4638
933
2019
6276
6276
6283
6278
6285
1851
82
6077
3632
1742
6272
1994
131
6284
1240
6281
5881
335
664
622
1002
6137
9
26
83
6283
117
3356
102
5996
2053
6272
1993
50
20
6272
105
59
108
6286
56
6273
3822
65
6274
6287
6285
3462
1586
3929
129
1952
1124
92
3373
6147
5273
6283
6279
2839
7
1573
1544
2706
3326
6275
6278
79
117
6284
2963
69
6280
6278
1946
6286
2095
5089
1157
103
5606
6273
5915
6281
6276
63
6272
6287
6279
5117
2548
6279
983
4551
3388
3624
6
6283
48
67
246
3159
6275
3578
91
116
4258
2117
2030
4416
2970
6280
6278
6286
6282
4297
468
3192
30
434
3862
1145
2072
5795
504
124
2254
6286
6287
5370
6277
2799
825
6284
5124
1108
1791
4209
2597
1676
83
4612
4767
1589
6273
105
6272
1179
6276
4059
1122
6276
25
9
5340
6274
525
6281
461
2260
976
12
6273
6280
524
123
116
3188
4840
1708
5411
125
1988
3984
1405
35
6286
30
6287
6283
4091
80
3803
6282
4509
23
4115
6282
52
6281
126
4695
89
6273
91
6287
4595
3472
62
43
5076
1234
91
6282
1861
6280
6274
6276
6273
2777
3545
4452
893
712
6274
2662
114
49
532
4432
40
6278
6272
17
112
563
6279
5571
4784
812
4441
7
98
6281
120
2468
6272
2081
6285
6272
5
3287
164
6275
7
4638
2885
286
73
5548
3273
1519
2
4006
1240
825
15
372
6277
6280
38
3144
70
1428
21
72
208
2862
6281
313
6287
6278
5267
6274
6277
36
6285
1977
6272
2122
6278
4080
6118
6287
3929
5668
6107
5247
78
6124
6272
103
367
2223
1693
466
6284
117
18
5907
1649
56
6281
730
40
100
6280
6279
111
6284
4166
741
1030
6273
6275
4849
2439
492
53
93
6286
110
4698
6283
6276
6276
5128
6278
5501
2002
747
1639
2301
5656
112
4523
69
22
3241
1703
82
2854
1035
16
2990
1574
95
3
2552
2205
6273
2928
6281
300
26
6281
77
99
4272
43
6279
3041
3545
6275
609
4649
6274
3434
6287
5734
6280
4514
2916
123
14
1552
4473
897
409
6280
3888
76
1897
38
6277
6022
1589
108
1794
6275
6279
30
3281
2025
442
89
6278
296
3394
1045
3779
669
93
6275
6274
6277
2910
106
114
4168
27
6276
6275
6272
4116
2613
6272
78
5085
107
284
100
5612
6280
103
126
6277
5713
3734
4315
41
1187
5083
6283
6280
110
6281
91
262
1688
6275
1802
2260
6022
5
871
6
3885
5724
35
6278
2593
6284
4565
5057
6281
6273
92
3054
6088
90
2896
6276
6277
5328
6280
6275
6278
4514
4407
4272
6284
4579
90
6285
5525
2
4795
1303
6287
57
6274
6282
484
35
6281
4545
6274
48
6272
120
73
4073
6280
173
74
1807
2753
342
6273
116
4325
4611
1434
2567
6287
3858
6272
7
1506
68
86
4725
1264
6286
6273
242
103
5078
6278
69
2258
337
4443
3182
588
1783
1750
1877
1312
1544
6287
1849
6287
6286
6276
1294
458
107
6276
1030
83
6283
5705
6273
6274
3748
102
29
102
6285
999
106
25
762
87
3434
6285
6280
6284
6281
6274
2687
83
51
441
5883
98
6281
6278
3991
4718
1659
6274
4097
2172
6279
6281
854
6287
4677
5713
667
6280
6277
91
6284
5558
1960
3928
59
2379
5626
6272
905
1407
1550
2164
3526
77
6282
909
126
105
1842
5747
3128
6273
40
1588
5211
