#method=quickcheck
#elapsed_picoseconds=154018000
1110
0
402
8
9
452
1087
11
1111
0
200
4
852
1104
1108
450
6
1084
1110
213
1095
221
462
1107
908
1109
1059
1068
1052
613
1107
1044
1107
3
665
443
1091
860
8
9
1111
1063
1040
9
392
37
1078
7
1105
1110
5
1106
144
1044
801
1073
1110
1107
1061
3
920
1111
1087
7
0
1108
6
515
958
6
12
1077
1111
12
1108
1110
226
1050
14
1107
13
8
1109
1108
1005
1111
1106
854
0
12
140
5
1045
12
675
235
1008
238
551
1076
14
32
2
862
709
280
1091
3
14
1111
1077
11
1082
1058
103
8
457
1105
1105
1104
11
838
1104
1106
1109
1108
545
1110
1107
521
1106
64
879
1055
911
1108
6
892
1111
1046
1059
5
1093
1059
1103
10
1110
285
12
1107
1108
2
1107
762
1111
1109
1108
1079
1105
1108
1066
1048
120
1110
501
2
346
594
1095
1042
1072
1070
475
15
1070
672
1107
6
597
193
317
1109
1107
5
3
1106
1088
11
1106
1107
1106
1075
1105
1109
8
1107
825
616
1108
14
15
680
15
324
1069
397
1107
529
1105
930
93
8
478
1111
1109
816
1111
1111
1105
15
1059
928
748
459
1089
1108
1109
1078
308
562
1079
10
1060
837
1108
1
1096
310
1109
43
865
1106
1093
135
9
784
365
15
631
1107
1106
968
1095
335
7
15
8
1051
9
1110
7
3
5
1077
1106
889
1107
12
726
1043
1105
1043
1066
936
22
1108
1098
1110
1082
1087
5
1110
5
4
1100
14
7
1064
1095
1101
1108
14
14
374
1078
2
1075
1059
1044
515
223
10
2
1066
1107
1082
0
56
1077
609
1095
13
12
10
6
1110
629
1110
1090
1061
1109
1105
3
1096
285
1060
8
789
455
1109
876
1082
1072
801
1108
153
1013
1074
1110
1054
572
1082
855
1110
1044
1011
11
1110
1107
234
947
1
1111
1096
1111
13
1108
1053
1106
1065
1109
13
10
962
10
1107
225
12
1105
6
15
1042
327
217
1042
1094
1
14
0
1111
1097
441
3
1093
15
930
1098
506
290
1107
1107
1091
1107
300
649
666
1
1111
95
111
1088
10
12
1109
72
1078
1103
1104
1052
1109
12
1107
12
10
1109
1076
1058
682
130
81
12
1108
1108
1106
1057
1109
1048
1106
1088
1053
462
0
772
1107
1108
1081
17
1109
12
834
4
1109
15
545
13
1105
1106
1081
1108
2
15
1083
1079
1108
10
10
1106
7
1111
1110
1110
788
205
1073
1108
1067
112
1066
1110
343
431
1071
1095
1051
1066
395
2
3
0
199
8
6
1
1110
1055
1111
1107
1105
1105
1061
15
1059
673
1075
1092
3
1040
1070
14
19
1089
54
1098
1053
1110
1053
1111
1072
7
1078
1066
13
1108
356
1064
11
599
1104
11
2
1104
1109
11
1041
621
13
1048
0
0
4
1059
1064
1102
1076
1066
1109
1102
1102
1111
1
1067
1108
1101
907
1057
987
778
1069
375
244
1084
15
1109
1107
11
1096
6
0
9
1110
359
5
7
12
1104
1105
1105
1104
1061
1107
1058
6
437
8
1106
0
1110
1110
2
1100
13
7
1093
434
1104
1109
1106
200
4
1100
813
0
1108
11
1111
1054
52
1108
1102
13
1052
3
6
296
1064
777
1051
1051
558
117
1110
1111
1108
1107
254
1105
884
3
1107
15
1111
1075
281
2
449
1105
1111
936
15
366
1107
146
1070
267
1096
0
5
11
10
1110
9
1109
1052
11
1092
1105
403
1105
1080
8
13
18
8
1061
164
1
1064
1047
1073
350
1111
1108
468
118
1042
1076
1102
902
1106
646
1057
8
436
1050
984
1104
11
1
1068
1104
1111
16
5
1046
178
9
1054
1084
723
1109
1078
1090
1111
1
1051
4
1067
1012
7
1074
1070
1050
979
3
146
1107
1104
1110
12
1110
13
1093
1109
460
602
1057
1102
107
14
1091
135
10
15
54
1036
1067
931
1109
132
1110
446
13
1074
674
1099
1068
245
15
1106
1110
1107
575
1107
962
1104
1068
5
1077
1111
6
775
1076
406
13
516
2
8
10
265
292
344
12
1096
534
382
10
10
15
1089
1105
1069
1108
1110
289
4
11
13
5
12
1110
1108
1055
427
1052
1111
547
1111
11
1068
1108
1044
553
1074
646
1105
1110
186
797
37
849
572
1086
392
1110
2
844
53
2
11
13
1108
1107
887
1110
1048
598
1107
4
4
1107
337
13
1106
1075
1091
1057
1095
1092
743
1099
7
5
2
1107
1071
1049
10
827
1108
7
384
775
1086
1107
2
1108
1106
13
725
1068
1052
182
1105
0
1042
652
0
7
149
11
1098
6
1048
1051
1
1106
6
1044
1108
585
1061
1110
1073
1100
8
1104
1111
1089
1045
3
1077
0
15
910
2
309
1110
729
1105
1107
422
1046
776
1110
4
1094
1106
242
0
1111
245
5
1058
1013
1106
1108
1072
11
1111
1057
1110
1105
1109
500
1094
774
1042
548
231
347
13
1089
1111
1111
14
1108
13
3
5
651
1065
1048
0
279
13
1086
9
1070
641
1108
793
1111
734
4
752
1059
1089
9
1106
1085
5
1086
11
327
1108
11
7
1092
1060
1082
13
1018
635
1060
1107
1017
1081
1105
602
1
10
11
5
10
1065
3
1108
1106
1064
638
12
1100
4
1109
7
1111
780
978
851
1107
1045
1102
464
1106
1109
1048
5
11
10
5
