#method=quickcheck
#elapsed_picoseconds=192986000
2287
1939
1339
150
2484
2128
2252
1235
2449
2435
1813
2438
21
2210
1330
1942
2463
2456
1194
2442
2389
791
2442
2297
1196
32
111
102
1704
2460
2317
2393
2436
2450
2286
2477
101
2490
1399
86
597
1643
66
1563
2465
72
2455
1399
28
25
622
69
2218
2453
50
2474
2479
2480
2427
113
2483
2477
2453
658
2433
2281
2387
301
77
2484
835
2097
70
1571
2250
2228
60
2310
269
73
2365
110
67
97
379
66
2463
438
44
2248
57
133
114
1394
2402
5
84
2462
2426
367
2465
2473
56
2451
2457
26
1630
118
2225
385
1238
2466
2197
93
2231
40
2438
1547
287
101
2465
2346
1720
1610
111
108
2437
2320
16
26
1613
2485
1478
358
2179
29
2458
1289
15
1958
125
2221
2246
2457
2447
2489
64
2483
2422
806
2444
92
106
74
2461
302
2261
581
2233
314
1489
906
2164
1798
118
1743
1701
18
115
107
926
2442
1027
2439
2445
2344
49
2447
2477
2495
2463
2184
51
79
2432
2207
1492
2248
217
552
106
1170
2292
2262
2491
144
2188
2195
2434
29
2446
2448
2470
2459
2437
1841
423
440
1742
39
309
2351
885
88
2321
1412
2482
2432
741
1753
105
361
63
1826
32
2449
2453
540
75
19
332
11
96
121
2339
1751
88
1645
2406
2470
13
2256
2281
1399
2099
648
2262
392
2012
2187
2435
910
1423
2476
94
25
2473
66
1377
2267
111
2486
967
2207
2334
74
563
2465
2369
2188
7
1496
123
2446
2206
2425
113
85
1882
2467
434
2477
2308
620
2323
119
1122
1881
26
13
172
2476
1986
2345
122
78
98
2457
2332
25
2181
0
1478
2373
2373
2466
679
38
2247
2334
33
2474
2453
1617
2407
736
2307
2434
63
2464
66
2360
981
546
51
802
2461
51
2006
2395
1194
54
886
2491
2180
2480
2183
2340
53
2434
2261
2314
16
2261
2387
2460
27
20
2192
55
2489
842
2470
127
1084
38
1376
1765
842
12
1644
503
1977
2247
2259
97
28
101
2182
2208
1577
2266
18
704
2415
2317
105
2178
2450
1428
2432
2448
214
2483
71
2
2333
2306
2141
222
54
2482
1183
2306
716
109
2244
2223
2217
1064
1731
2445
19
1206
2305
2477
2437
1232
2454
2373
1439
2437
2438
2371
2068
2375
1882
478
1593
69
104
40
2262
2256
1520
2187
2294
2383
111
2464
2398
17
92
608
65
129
116
959
1027
47
2437
12
2435
95
2452
2471
732
2490
2352
2483
1578
2485
114
2411
103
1418
60
2327
48
1064
1298
2434
2417
2327
209
2478
313
2491
91
1653
1542
2438
310
36
2460
997
65
1722
2347
2454
1612
19
1330
1761
1702
2311
1333
2430
2452
2464
654
110
8
2280
2488
1633
42
2445
2448
2222
503
2447
1712
2426
2451
2235
2390
2473
33
36
2238
2289
2391
2440
2333
94
2303
2493
113
2259
2404
8
127
2385
60
831
756
1342
2414
2215
2472
81
2374
67
2443
104
949
2294
1768
2356
155
550
2382
2404
27
20
2461
2453
1891
46
764
1805
1544
20
2396
355
469
1188
70
11
2370
359
2350
2295
33
2126
2180
2319
2095
2469
2368
2254
949
2453
395
467
3
2442
2243
222
1873
2475
2468
24
2445
2475
2247
2465
70
1336
2279
26
2457
750
2398
605
2453
2491
2301
2233
2441
2448
2364
1161
117
2464
68
2306
10
2073
430
2377
2395
1129
2479
815
2438
2345
2484
120
2389
2147
2449
2467
2244
53
2449
96
35
920
1597
1723
2327
550
1675
39
39
1822
42
2239
2228
7
856
2466
94
112
617
116
2219
2362
2269
2175
983
2433
1931
2480
2489
4
40
2489
11
1658
1366
101
2080
190
2355
2375
69
2493
1591
93
2455
118
2112
2357
2494
111
2397
10
2381
2400
177
47
2448
454
2178
1533
2437
997
2346
154
105
2249
2493
2210
386
27
2475
2348
2331
2432
48
2334
2473
2410
2467
392
64
2326
2462
2491
96
675
2387
2220
2444
107
2321
1490
2433
1165
2312
790
69
2208
1101
2435
76
1745
105
2455
101
10
82
113
75
7
2486
2247
2316
269
2225
893
61
1031
23
2449
2437
23
2337
2433
2344
2133
1027
1365
68
2431
1639
1897
2456
2261
2289
78
2470
2343
54
36
2457
523
13
1622
2483
79
700
64
1417
2293
654
863
2233
24
2313
2295
2478
2283
2187
2459
2183
2260
2444
678
2465
2244
1799
2437
2442
1758
2398
67
2265
2360
123
1642
2494
1
779
1100
322
2245
27
2441
2454
2396
2329
648
2473
2479
1112
2239
34
253
2492
2233
2344
904
71
2470
107
69
408
15
28
80
2367
926
2443
2465
72
123
2216
1359
2203
2350
1162
2089
72
1966
2333
335
2446
2458
2467
1524
2197
2312
2435
2478
2380
2291
2258
71
2432
2483
95
2434
108
2406
2283
85
1544
1749
2128
2407
1377
126
138
2322
1718
93
0
75
2428
2234
2492
2425
1426
2254
2471
55
2495
1521
2334
923
2266
2433
1544
2440
2461
2292
2381
2429
2271
44
2441
2400
2257
1982
2464
1603
104
2449
2288
8
45
2298
376
1525
2443
26
2477
2339
2474
1787
2487
2460
2444
2283
2025
566
1930
2378
2045
2483
2436
2254
89
2247
2449
2470
58
2212
2238
2461
2185
2377
580
2460
96
2485
2451
2282
681
1050
2178
783
2091
2458
2359
2213
2257
2222
2447
2424
33
36
2473
994
1089
2458
60
204
2364
2421
1224
2407
22
2467
2230
849
2177
2271
2438
1779
7
2494
52
37
2486
2287
2473
56
1
2445
2471
95
2375
1399
1457
63
