#method=quickcheck
#elapsed_picoseconds=175811000
9
778
184
4
1109
1104
245
538
9
151
1099
1107
11
9
1093
1055
1109
116
776
9
1050
11
6
1108
431
7
1108
1077
957
5
15
1043
12
1027
1091
1096
508
13
1110
1108
12
1047
588
9
146
1
1108
1077
1105
1105
821
5
3
1105
4
526
4
270
6
742
1000
1047
1068
1098
1054
1098
13
5
1045
4
1107
5
380
284
1109
898
893
1066
476
1045
1109
5
1105
1053
445
919
1062
7
1107
799
426
6
14
354
130
1106
1046
479
611
2
398
15
1045
1104
1081
340
14
1066
975
1104
1067
1082
267
1108
181
1108
872
1062
1040
1110
13
1083
1096
1
5
883
8
3
1066
476
993
554
1063
24
1
942
1108
4
222
583
1
379
7
1111
1109
558
1089
9
892
597
3
1111
1061
1048
1109
56
899
1110
12
1058
1107
1105
115
1106
1108
4
1110
1100
1106
1069
1104
1046
1069
1111
9
13
1111
467
0
0
210
263
1065
7
8
1006
1089
1102
268
764
212
6
295
0
849
1099
312
1054
15
1074
1110
420
1105
1109
665
1111
465
1041
552
845
8
1058
1064
1097
13
3
1
1064
14
1060
1105
1042
1104
1107
1106
1104
1044
12
2
8
1108
1
152
1
1101
1056
1084
649
3
1095
1043
3
1089
13
1110
1044
225
1105
1068
1104
1111
1110
1
720
3
1045
1044
9
873
383
1106
1088
1106
1107
535
7
1046
1106
15
239
1101
1106
1110
1110
1064
483
930
1074
3
10
193
1108
1080
5
1111
1050
1093
12
610
1108
4
1081
699
12
9
1111
1
253
13
1041
1
2
1106
1092
1091
1040
1107
1107
6
10
1102
13
204
1111
1110
1106
13
13
6
1088
1049
1102
493
0
1105
385
58
1111
926
923
1106
1111
1108
801
6
5
14
9
21
12
771
1109
7
557
10
1094
1043
6
189
1096
1108
1097
546
1062
8
1099
1107
650
1105
1064
1111
794
251
1109
6
1066
1089
729
1110
14
1048
39
1081
1
7
1105
1044
14
1063
12
1086
289
741
1079
312
13
45
231
529
979
1091
1109
1107
7
1104
14
1104
13
6
709
695
1108
1109
13
1079
1086
1074
190
1086
1111
14
1040
1049
1106
1059
1068
1111
1105
13
1111
1106
3
15
12
6
1106
1104
9
1096
1091
1110
1109
1071
1067
745
1097
381
443
62
1060
1051
788
1093
1043
6
1089
1105
0
10
1027
1041
5
491
1108
7
1108
1109
1027
142
1064
1047
1085
1058
38
1109
1107
357
898
5
371
651
1095
1054
1060
5
1108
559
490
1103
10
1050
131
0
1104
1107
557
1065
6
768
1111
1110
12
1051
2
5
173
1076
12
1109
492
3
2
639
7
1047
1061
1105
1105
888
1060
633
1110
13
1107
1111
1
1040
1085
383
1052
1108
390
157
1094
1071
1106
1111
2
1095
1099
3
14
1080
832
1054
1109
1105
1071
1106
1110
663
4
15
12
1105
1005
14
723
1061
339
1051
1106
14
1111
1106
1107
6
1109
1051
1108
1105
1
1046
147
1083
1108
13
1105
968
1106
930
9
1101
1
459
9
1106
11
1047
9
1106
1
7
1066
1044
22
1080
1105
425
7
1043
1109
4
9
13
12
15
1104
1107
1063
1085
1058
1106
1110
1061
4
1107
295
106
606
14
560
1110
1107
1108
1
920
1060
0
7
1105
1059
15
7
34
1
1070
1105
8
1105
1106
1041
1054
1043
1043
1048
1111
1111
1110
1067
1056
678
1090
1105
1075
1111
13
1067
5
1087
1074
770
1109
1107
344
12
1054
1104
1104
1109
1027
1086
14
124
1104
1111
33
1061
1051
1089
1111
1026
688
1108
1107
8
1068
1105
1109
1050
1097
541
14
2
1083
11
1106
1062
1110
1068
12
680
1111
807
638
736
1106
1058
15
1108
1
14
9
1106
1052
1086
172
1092
472
1047
833
1071
532
14
1082
1109
107
1048
1085
1069
148
75
289
1091
1050
1110
132
1060
111
13
1
1064
8
771
4
1100
255
1042
9
9
140
1065
784
10
1055
1096
2
11
13
1102
1087
586
1106
9
826
218
12
0
909
504
11
1094
609
14
1058
1106
560
1110
641
8
337
7
4
1042
1109
809
6
13
0
12
1107
736
642
181
1104
1104
1070
1066
10
1100
1111
761
2
759
1086
1085
652
1107
1067
1045
834
1109
13
1095
1104
1083
1096
1106
11
1042
637
1108
1106
1104
740
1059
1100
787
9
743
1107
8
1107
15
583
1018
848
1097
4
1098
6
1081
1041
1095
3
10
1110
1066
1051
11
249
1108
1076
472
1068
1110
1105
1105
1110
389
566
15
428
647
1105
201
379
2
1058
1107
1108
1
9
587
9
11
2
1072
8
264
28
1092
11
7
1
1089
1047
1070
1062
14
1106
684
2
704
533
1108
1072
509
1092
1079
1111
7
1109
1104
697
156
623
1109
1104
818
1072
1111
13
1105
846
1110
1051
13
1108
742
9
102
1063
1106
15
1081
1103
1111
1101
1052
14
211
1104
1
721
864
1104
1104
14
1104
1110
1056
881
0
4
0
459
10
1106
10
1080
1090
0
10
13
1088
805
1107
207
863
1107
14
2
1069
457
11
1084
1075
543
14
2
849
1084
574
1108
1111
542
1092
902
273
1111
1106
15
969
1106
1110
1082
1095
433
1111
8
424
1111
1091
1110
1109
13
1105
1109
1095
135
6
1110
120
1040
8
396
1093
14
1104
