#method=quickcheck
#elapsed_picoseconds=189240000
5
2430
2327
37
119
102
98
2481
1280
2426
2489
2495
79
2455
2457
2338
90
1059
77
1204
127
39
677
53
80
2467
2397
2297
2208
1413
67
2405
972
2438
2221
105
2487
55
2466
2459
1859
2495
2397
830
46
836
2234
96
1110
2488
2379
2492
22
2493
25
2470
2468
2440
2439
437
2456
2380
2441
2414
90
127
2486
406
2437
2309
2341
3
2252
1958
1699
2484
2490
2294
23
836
2402
1564
563
872
25
118
2346
28
125
2318
457
2252
10
1406
34
2323
2401
2372
2480
955
2477
2274
2297
1604
2263
2188
13
817
686
25
420
2098
858
36
1843
2307
1900
2484
2434
2196
2194
406
2495
28
2311
1857
690
1678
2226
2277
65
2442
164
2455
2446
2486
2311
20
2246
2253
2192
2474
2385
2464
2249
2382
2203
2474
6
94
1747
99
6
2280
2489
2449
2242
1763
1925
2434
2470
14
2251
2145
2494
1977
2389
70
1263
2014
1176
51
2332
2466
2300
149
1445
2495
44
2460
2367
74
2493
16
2167
2490
105
1514
65
2298
99
1255
2161
2176
2352
1167
1500
90
2484
2200
2460
2305
3
2448
2478
63
2457
2462
2459
2399
117
2479
2472
2345
2468
2301
2485
46
49
162
64
1712
1181
2450
2212
2260
2364
121
623
728
12
2353
1153
64
2413
2381
2258
71
99
2452
2469
2048
2324
1290
126
2443
2228
1707
116
2495
2483
2459
94
1155
119
2366
2436
1966
86
2276
2212
2337
2313
2343
930
2488
2437
985
108
2269
2217
2384
89
2439
2360
2452
2454
2441
93
2456
860
1748
125
2476
36
90
2460
235
2408
899
2461
2433
0
3
1218
2366
2294
2494
2177
1
2382
114
926
1078
2265
111
2188
2380
2494
791
2437
43
2477
39
2446
2269
683
239
2473
2408
2235
2356
84
2465
2202
2264
96
1
132
2330
19
2468
249
2468
2469
2486
2451
887
2325
2336
2460
2444
2436
84
1029
653
2281
2480
7
48
38
2220
44
2306
2391
102
123
418
558
2318
45
123
1190
285
92
1166
2373
2446
2463
2448
2361
2468
2311
678
1929
2436
2457
2256
69
17
99
2463
1518
278
2206
2492
2433
56
2280
435
2040
2485
40
328
84
2191
126
79
1268
2199
2293
2359
2254
26
1948
2207
2464
2259
1544
2370
2482
2487
2291
2481
2152
2432
121
2138
1889
2297
92
2458
1801
2439
615
68
113
2494
17
2464
126
2152
66
94
1276
28
1208
161
2189
2436
2264
121
2200
2469
2460
2212
77
2484
2462
66
50
318
1326
2488
2478
80
2290
1517
2363
2133
2449
20
553
2321
2472
58
112
1
2316
10
92
2435
14
2285
1049
2441
2447
721
2409
265
2452
2463
2185
102
116
2245
121
2364
100
2183
2445
2442
2484
118
2232
1547
2472
951
1592
2285
1121
471
1709
2143
491
1834
46
96
2483
526
35
2318
66
1704
1218
2245
2216
2246
1237
96
1258
2465
2484
110
75
8
2245
1127
2421
2383
2456
40
2364
887
2395
2458
2487
2457
2471
911
2475
111
2481
2457
21
104
2381
68
2176
28
2271
2433
2227
591
6
2459
117
2442
1904
17
2404
123
2468
488
2031
704
42
91
26
2181
2440
2451
1522
39
2444
2273
1042
3
1147
2411
81
1922
2489
2276
2440
1188
2486
2459
1187
117
2350
2472
594
17
2462
2451
2357
2492
1281
52
2439
17
1964
1215
2449
1930
1567
6
121
28
709
2176
107
186
2456
2262
2236
2484
2479
890
2491
1130
2433
92
39
31
2445
419
2311
32
2220
989
114
1208
114
28
31
83
2348
2364
2479
42
23
2265
2387
2447
102
2439
13
2494
331
1411
1528
2166
2483
300
2264
172
1107
2298
33
2343
2278
333
2484
75
1818
2463
2459
77
357
1419
2440
782
2432
2
84
2481
63
2446
79
22
2223
1933
2194
95
1903
2480
1822
2472
2343
2481
1558
417
1928
1348
1078
2494
2476
89
2474
2254
1094
1016
39
118
41
473
69
2251
9
1764
2204
1816
2291
76
2209
83
2491
2444
445
2331
896
2234
2218
17
997
2030
2476
1321
2476
90
2403
2461
89
2379
46
73
610
66
117
263
328
421
2433
64
2478
2188
2439
1327
2443
60
2352
2368
2443
2454
21
2492
2106
54
386
2466
9
1638
2478
10
2227
2469
1317
2493
44
2456
2462
2475
434
2191
65
33
1140
2414
2435
2424
33
116
2445
2481
2180
2382
1404
2405
72
2236
2473
81
2483
2207
2473
112
2270
2438
2455
2225
2467
68
2043
98
122
35
1934
2274
1251
2489
2488
2200
2459
2476
228
2495
1901
41
2357
2479
67
2118
2491
1598
2495
2281
85
34
1
603
2257
2190
127
671
49
27
175
1
77
1401
2187
92
23
2224
2440
2183
2493
2277
2011
2018
1906
2479
91
69
2
159
2245
30
2388
2187
82
2408
2438
305
1774
1
2466
396
2442
94
2210
11
2436
1893
2192
17
2292
2320
2281
2442
283
2462
104
2326
123
215
282
17
1692
104
795
15
277
2196
867
1315
4
91
2471
2206
124
1849
21
2356
2463
1315
2479
110
10
2484
2275
2290
52
2481
94
1573
2495
71
91
2099
2436
13
2473
1138
2438
2486
2211
2178
732
44
113
2462
1381
2185
32
2307
60
36
41
2322
2377
340
1067
49
106
2436
2306
1626
127
1899
2489
2
2474
2474
2210
2186
2441
353
56
118
113
2435
346
2446
2422
1808
2352
2482
52
2230
1133
2493
2289
2486
2295
2245
2488
1508
74
2383
2491
2461
2224
2273
2256
105
2177
2342
2409
2224
2486
2476
74
123
558
1912
2480
1435
