#method=quickcheck
#elapsed_picoseconds=203382000
1108
1045
25
2
1061
223
15
1064
628
15
1078
1048
9
842
1111
9
1104
1107
1111
1109
1099
1110
15
14
6
1063
1107
2
826
11
1105
1068
1093
642
0
2
921
1103
1107
1072
1064
8
1067
1111
1083
1091
5
1100
4
1055
165
1044
1106
1088
1105
1111
849
1093
400
217
1091
1084
1071
14
14
731
1087
1041
1109
932
0
10
1044
1085
1106
1080
1087
1099
1110
1108
2
1
135
1079
1106
52
1
1087
14
14
1107
1106
3
1059
1063
107
1088
9
768
9
7
1102
723
1098
1050
289
14
1087
1079
1107
5
1110
767
1081
1094
1072
13
1108
1081
478
905
1106
1080
715
3
1111
1071
563
1105
1066
1107
1104
4
769
1108
1
1098
804
967
1107
1110
1040
2
1109
949
747
502
374
797
0
1090
26
1
4
496
1105
1091
10
1105
4
179
4
1093
103
102
13
1110
83
1107
1105
1040
1074
3
1096
1060
3
13
1100
326
11
1090
1079
1
510
763
1109
12
1107
4
1111
11
940
1110
403
2
10
81
12
1108
1043
9
1108
1107
5
1048
961
1054
1063
642
1084
1074
1
1098
31
909
12
1076
1106
51
1106
1070
1005
438
1110
1108
893
686
12
189
1093
1105
4
0
1060
1044
930
1065
1075
1060
1109
1109
1052
1109
15
1110
1107
15
1080
1102
1097
499
1
1074
1091
1107
6
1062
12
1063
1110
1109
361
167
1050
382
599
10
768
3
1047
1108
1107
157
1104
2
131
137
566
0
9
1091
15
702
47
1110
631
1086
1104
1106
1107
1104
1083
455
71
13
291
947
365
1104
5
1107
1046
14
586
322
1070
1
1070
0
1073
1048
1
1060
701
1031
2
12
3
996
6
1105
13
11
1107
1040
147
1059
823
1105
10
9
1106
13
2
11
0
1106
1096
15
1110
1105
1101
1066
1108
1106
1088
223
1053
1109
1106
13
1106
648
1087
1105
11
1067
1066
12
1
1071
185
13
12
1106
1063
1
173
1
1104
1069
314
10
1107
10
1107
306
355
1052
1106
773
3
11
2
1110
9
1105
1109
1050
1057
2
1078
1108
1085
1110
407
581
1104
1
1081
1062
9
1079
1109
444
15
1106
1051
428
4
1055
1011
1109
1106
1060
1069
2
983
1050
1106
1083
1107
174
1055
1074
1111
14
954
356
1069
9
1110
15
4
1070
235
19
13
1104
100
1062
15
9
4
14
1088
614
8
405
1104
297
1066
1072
14
112
763
1109
1111
14
1103
1108
1097
13
1087
4
1106
1111
1108
3
11
1107
1076
6
15
15
15
1061
1071
858
195
1064
1111
1105
1101
909
1103
7
0
152
1081
1111
1110
533
1
1069
3
1078
1047
133
60
149
2
878
1062
1081
0
1105
1105
951
1106
15
1071
1110
8
182
814
1087
447
1109
15
279
1087
851
1109
365
1107
1109
1074
338
14
641
582
1106
8
266
1070
1
266
1104
11
1046
747
1106
1079
1106
2
1105
1111
1080
1104
42
1080
8
3
1105
1012
381
1
480
1091
1109
488
398
1108
4
1099
1
675
1111
1106
0
1109
1042
1106
12
1062
1062
1104
4
1108
239
528
1092
10
422
750
1104
1109
364
4
1079
92
594
1076
803
1094
111
1082
848
14
6
6
1107
1081
1077
691
15
4
1064
1068
487
447
7
1060
1094
867
1099
1106
1042
1043
1105
37
1105
741
1092
342
566
11
1106
1105
2
862
1100
1106
1111
15
1063
1109
202
559
1104
1096
1100
8
5
1053
15
1089
1059
389
1107
1105
1107
1058
1105
1089
1048
517
1109
13
1104
1100
1025
1066
1085
1099
2
336
2
1069
120
1071
455
36
848
1081
6
6
1110
1109
816
2
894
1093
1109
522
1107
1041
447
989
1110
914
10
1080
334
453
1107
1028
2
12
12
1106
6
622
1111
1094
1106
1085
1105
1053
1
1111
480
971
0
1110
703
11
1105
961
1107
420
2
1110
1052
6
1109
1071
1098
839
1108
1106
1105
15
1104
12
1071
359
5
1
1080
1061
0
783
5
1107
1041
1104
11
8
1047
5
1104
1111
1082
9
1
128
608
1108
748
21
1101
1111
14
208
1100
793
1106
1039
1052
1062
3
15
1080
790
1090
1104
1071
358
14
1111
1101
85
1109
1070
609
2
13
487
818
480
12
704
1106
1106
444
1052
1106
1105
1108
564
5
1111
1107
11
1105
1073
1111
329
469
13
1077
1050
11
1110
1111
1082
679
1079
1073
1108
445
153
1045
4
1095
1110
1106
44
1106
1104
13
922
10
826
11
1056
161
1111
1095
878
1097
4
1074
1111
3
1110
505
1111
1094
211
1096
1104
561
623
9
223
8
8
199
1079
1080
1111
1067
1105
1031
1066
1092
808
1063
0
1099
465
974
1104
1060
8
1105
403
1104
1109
1111
1078
740
612
847
1110
1044
3
398
829
1054
1088
1108
1106
8
801
1107
12
806
1110
14
1057
14
11
626
1109
7
9
9
729
1109
1099
1105
1105
0
10
1104
1102
1110
1087
10
1061
1107
1047
12
149
1104
1104
13
5
1075
63
14
1108
10
549
441
2
15
1085
1109
1
1040
1057
1061
1108
1079
1105
101
464
2
1104
1107
1017
14
232
1108
1104
1059
7
1107
11
1107
555
673
1026
474
8
14
10
317
1109
979
1109
1111
663
1074
756
1046
554
13
591
430
3
37
160
1048
6
0
385
1076
5
1048
15
795
1111
1
1050
