#method=quickcheck
#elapsed_picoseconds=200007000
487
10
257
960
1361
1190
330
681
862
1123
1373
1643
1083
777
789
962
1084
569
1754
1403
113
381
1334
526
486
1960
1035
1468
211
873
465
1558
58
1197
610
1351
792
907
1083
95
1365
707
1025
432
1319
687
635
565
1747
1812
1986
699
181
47
1083
924
952
1046
690
303
347
999
905
762
1219
944
800
1740
1687
248
1658
263
1434
1627
394
688
491
69
1671
1282
1987
1748
1595
353
39
1630
606
1559
1313
1584
810
1996
1555
244
1132
812
1453
173
404
755
1919
1989
401
466
1370
313
945
1872
869
1464
114
84
999
789
1293
278
702
1855
962
405
382
958
360
1288
1867
34
360
1903
1256
1585
1653
99
1907
316
1858
918
177
1577
856
144
1452
358
1543
2003
626
82
1214
247
1156
1518
1347
1602
1663
280
80
534
1261
1527
324
220
208
186
1096
196
407
1561
128
1490
1247
1307
1331
783
1935
945
1577
831
1822
796
1328
1486
561
1099
1496
814
307
2043
298
770
1822
221
515
353
1507
1891
1426
656
273
1583
824
1416
79
1117
1868
1883
198
519
199
1734
904
1054
1485
1302
888
1455
1630
414
2028
1628
1625
726
1530
946
1489
1479
267
1773
1727
535
42
939
798
1960
1392
845
1058
184
124
1765
1892
1693
910
485
1820
1063
1986
753
1759
1257
1783
1759
471
636
1288
1857
1006
542
1067
1424
404
1519
213
1657
1954
936
1091
2021
516
833
469
1333
996
84
824
1011
115
365
1703
1028
137
1310
512
6
1083
1859
1194
838
66
1029
879
1298
750
1888
819
531
79
1263
1671
958
1066
364
881
1263
672
616
1922
2032
1630
985
714
1605
428
1964
1325
1318
103
1775
1219
1458
1306
19
1697
385
1831
1157
612
1419
599
1522
1715
295
1024
1180
1811
346
1657
160
30
212
1535
714
228
1496
155
1032
1399
1083
1209
80
1949
301
159
1060
1603
1600
1021
1165
1229
891
1611
377
2027
358
1184
1523
735
1275
927
1615
392
1937
1703
1996
798
1350
959
1764
1638
1923
1055
1348
1076
522
1294
1355
1908
415
2040
1386
160
752
479
755
753
361
79
1487
183
1853
1766
480
1378
641
1609
1478
773
1793
1043
1970
1440
1588
110
1265
1962
210
251
1475
650
1315
1393
1399
1416
1909
1401
1190
474
326
814
1880
14
388
11
1724
1084
460
776
51
779
797
1706
1119
1070
1131
1710
257
1001
160
1314
452
231
1368
1621
1882
512
1655
1435
319
1249
112
1519
1710
1638
1773
1723
2020
426
358
1316
656
995
1595
1438
1423
209
494
1851
727
1390
215
654
1966
1889
1564
1715
787
777
925
1180
119
1732
1903
887
61
633
791
56
1608
948
511
279
30
1716
1879
956
1833
224
1436
130
1099
686
1031
472
570
984
1797
1798
529
388
262
384
1417
1586
365
681
165
219
482
1086
815
1748
1048
139
270
1543
1221
395
698
251
250
1257
378
409
1576
619
345
1566
1082
445
1896
561
704
139
851
1620
954
1545
2038
1346
1973
1305
2011
258
272
1731
441
340
1726
1796
1190
391
228
150
1178
1412
1607
315
853
1904
903
1875
1844
1707
199
395
665
559
770
671
1507
1652
983
1508
821
2023
1841
1062
1803
226
1352
410
1867
464
1006
1239
18
794
439
1056
1894
712
437
464
2034
1973
1012
939
1188
456
973
182
585
278
1520
1293
1942
838
1033
701
1761
1689
1093
574
1879
1193
310
72
584
1674
1876
486
188
1402
1176
515
965
488
628
1909
1036
538
258
591
952
1638
826
1356
774
1019
441
121
1670
1402
1812
146
1766
1042
1835
1802
474
657
1945
376
1834
264
1226
224
2000
662
1229
1969
1982
762
215
964
1039
1534
1935
117
1853
192
1056
596
1559
955
191
1832
251
79
961
1624
645
1323
1617
1092
1722
150
1130
1005
1381
802
886
1832
1316
1559
1708
1252
1486
1895
1253
636
679
1925
1834
2039
646
1877
1912
186
1061
1281
1475
1500
1649
1075
981
1011
1582
1855
225
1639
1752
1135
522
728
912
1987
1233
934
1875
151
742
842
873
615
1167
1456
619
841
1887
1292
984
1316
344
789
345
416
1710
681
2013
782
702
1023
1119
210
307
457
1975
1385
329
815
348
822
1556
818
1348
780
1366
561
1328
274
759
1215
1696
445
1296
643
994
1537
28
849
667
1101
1975
808
488
1862
1677
198
595
56
240
1911
1999
1780
1766
1048
125
755
926
427
1872
1041
719
272
742
540
1996
116
605
1746
931
1492
219
1207
899
1561
1658
1683
976
1281
1285
618
420
1662
537
1037
2023
1184
728
495
1998
1315
531
1390
204
450
503
2021
721
1808
293
381
935
1572
1203
1582
713
1594
901
1643
757
14
1536
1020
600
175
1743
81
1130
840
1618
1326
654
1629
1329
623
127
447
928
1178
233
464
1885
1952
263
675
1359
2012
1978
349
371
1340
1596
1443
1838
699
1616
299
1944
666
315
1874
1298
1870
26
1449
1181
538
1395
144
1938
97
122
64
1142
780
1549
1207
477
1183
284
467
766
555
1348
261
787
837
1319
1350
736
1227
933
785
309
269
196
1561
255
1730
631
1178
639
1617
1240
985
1589
1780
1918
1231
1454
91
1184
1302
109
921
298
1457
1411
919
1147
862
1430
1016
797
2047
147
382
1213
1077
509
678
425
390
211
411
1124
1895
1169
1123
1234
972
468
216
860
1259
257
93
1873
753
1991
