#method=quickcheck
#elapsed_picoseconds=189190000
2230
0
10
170
1223
0
0
340
13
2238
1
8
10
2060
37
0
35
67
1
1038
358
1
1835
740
10
141
106
256
0
152
11
2251
334
1710
56
239
1251
0
1
130
1
1
242
14
14
78
1891
1
219
998
38
267
4
0
1
1083
125
2215
2238
9
179
1252
368
216
16
287
1
13
8
2101
63
5
0
892
178
7
3
53
0
11
1
47
1976
0
1
2016
237
967
67
1785
15
0
1
110
1
1674
1
1
842
1
11
189
2116
855
6
184
1086
722
1
0
250
200
0
0
754
127
1
100
2114
1
12
1
8
662
10
47
978
218
1634
14
0
191
0
1
1
13
259
12
126
817
1
2234
2245
18
11
6
1633
190
0
511
1
1
112
581
135
14
762
126
110
1448
95
2272
1311
8
185
1176
14
30
1284
240
32
1160
1926
1
2247
160
216
107
0
2122
0
75
900
10
0
1
0
811
1
893
7
777
251
59
0
1
0
2048
1283
127
1416
322
168
1
2
1
0
513
1053
1
2050
8
2
0
12
0
1
1537
2
47
2313
267
11
186
111
2208
14
1
13
849
210
1256
782
1
1511
17
1
1648
68
221
0
2050
1893
13
32
15
109
160
8
284
135
16
0
315
0
0
0
59
244
0
969
15
99
222
1881
1681
1056
1
122
10
13
1
0
437
219
165
184
1540
220
1148
1323
0
1221
948
1
226
15
0
17
224
0
2137
1180
843
2
0
16
0
0
69
560
1
1667
8
13
107
560
0
1789
218
1
38
1
0
687
1566
1178
150
7
159
11
7
140
0
2224
1
322
234
14
233
14
1397
16
870
427
1956
1795
2047
1
1
10
3
1
960
1964
1942
2289
10
1
11
1338
0
7
1
2
111
1
140
1
523
206
1342
644
873
1
1420
255
1995
342
2
2192
100
536
251
187
14
246
1637
1
1
12
1704
86
13
139
881
13
0
2
1193
761
79
99
76
12
1182
7
1822
51
6
753
2228
28
1438
1
1
231
0
3
1440
1360
78
11
1
7
109
159
1
114
235
688
171
1795
0
1
145
1
4
2299
2125
1009
1
770
10
0
1
40
16
1243
6
33
8
0
2171
14
2
41
1645
1041
50
15
1906
117
182
81
487
12
266
141
1
10
2320
21
194
844
1660
11
5
217
1
724
1581
1139
17
5
0
2044
0
2186
0
6
1
400
0
6
252
1
1
264
9
0
2199
0
122
1
259
10
2260
0
69
536
2006
4
12
12
1
0
2281
12
16
0
1456
0
283
1048
197
5
1111
104
85
2109
0
1550
6
1
1303
12
15
9
617
1451
17
1292
144
111
1
1
150
0
0
13
2222
0
13
10
26
1640
11
2214
1
1873
3
721
1812
63
1
0
17
262
1945
5
0
1
259
0
849
1122
65
1
10
0
2
12
5
1
2
7
49
1
1932
323
1
1809
387
3
97
201
0
0
1212
12
0
12
0
4
1
131
16
1
575
1
16
0
6
266
118
710
27
688
2173
6
0
1678
1
1573
7
1
80
222
2
0
1
58
3
31
1
1
10
6
1
133
92
1681
1
2140
81
2
0
1073
1555
16
1784
9
963
800
1
5
1716
721
1864
1
848
337
2261
8
149
513
190
1
0
5
1173
59
1020
3
1
178
2099
7
1372
891
1
944
51
1100
49
9
0
0
273
10
123
6
72
453
49
497
5
1
15
1
7
0
1149
1612
17
2
1568
93
1865
1033
2
0
2275
34
115
2059
934
0
50
1122
16
0
214
156
1
2167
1305
9
930
0
0
1601
129
748
276
241
431
0
2203
1
0
1
135
5
16
2018
0
1050
1703
3
5
59
518
139
0
1702
0
13
156
23
5
15
1255
1066
1
1335
4
1
0
205
511
11
1
297
3
18
1
1872
182
1256
0
1357
17
271
7
675
131
1218
9
185
14
39
386
73
6
1141
2
771
1
106
10
0
8
912
1594
24
639
2144
0
885
12
499
1
878
1344
13
16
8
12
17
103
2
1
1841
16
210
0
12
305
89
0
1
1
17
1
43
843
1280
101
427
94
9
14
5
14
960
1793
0
598
1
180
0
1068
1509
196
1723
4
95
234
11
2026
2155
994
13
341
1
1
15
9
0
0
1188
2219
154
1
211
15
479
146
1324
1
81
24
1456
1110
1849
1547
0
6
13
15
1
1
65
1
1
6
13
175
17
398
15
7
14
26
0
739
122
13
1
6
12
0
0
2
1560
37
1833
0
2265
744
17
2221
13
266
2182
8
4
50
186
15
239
7
1
6
251
859
1373
1139
16
1619
2256
1
0
13
30
136
1
0
0
83
116
548
1932
11
14
1135
222
12
13
453
262
14
12
2
1
6
4
101
16
16
0
1
0
1670
9
2010
8
3
16
224
880
1694
1227
15
0
40
110
176
6
141
0
13
143
155
1
236
16
6
217
28
2185
261
5
126
594
1104
1663
15
