#method=quickcheck
#elapsed_picoseconds=236981000
2233
54
2358
2485
2492
84
62
2176
2181
90
118
2481
2212
40
1613
960
2365
2465
1394
2181
2480
61
2482
43
1609
2262
2486
517
79
58
1761
86
106
2293
1821
2433
1960
26
1567
88
716
2326
2307
1457
88
2472
87
752
2456
2492
2466
2377
78
14
1011
1
2351
1090
2330
14
632
2224
126
28
78
863
2488
69
2315
2234
2414
35
445
2462
430
67
2316
2234
2402
126
1007
2419
2465
1263
2179
2311
955
56
60
2333
399
1193
1686
1543
2456
2305
48
21
2388
1161
2231
1966
91
692
2473
2482
653
561
418
2021
5
2183
2487
2239
2202
2470
127
79
1167
1491
55
1651
86
2457
2476
72
2467
491
103
2470
2222
492
2258
2339
2193
2366
19
996
2453
1951
2269
1131
2461
2300
2470
82
2482
2488
2477
1021
32
1638
623
2309
687
73
1758
2366
45
2458
57
2476
38
2443
2467
25
2197
2350
77
1176
97
1347
2301
2491
90
24
2296
2478
2481
2297
98
60
2457
16
2453
2458
51
2336
2443
2477
69
92
1196
150
2466
36
2170
2436
2011
2451
184
2411
1623
26
670
2456
1953
1381
119
1095
611
11
1440
2292
2186
2483
2326
2475
126
2360
8
2466
2221
2373
1869
1420
2346
1661
2375
2463
2267
1137
2441
2437
2176
2484
2434
2258
2201
1413
1832
2434
2489
72
2479
2197
2435
2369
2458
2187
2168
518
2461
1880
123
2166
46
2259
2436
106
2451
2335
2341
117
56
2227
731
2268
23
1265
2216
117
38
93
1943
2289
2456
2366
2363
1438
114
2475
80
2375
5
117
2355
2342
2472
21
62
2243
72
2254
2436
2348
779
2435
2325
1034
1996
1217
294
2324
66
15
294
110
1714
42
715
2354
11
2259
73
1061
70
2293
2480
61
75
2419
2485
117
2460
1405
2268
2186
1106
2493
2291
2214
2461
1938
2263
2232
2191
1078
101
2480
2450
5
1030
385
2337
2379
49
53
586
627
2179
2391
71
2470
2457
1718
2457
229
28
2473
2275
2183
509
2408
2475
2454
1228
2443
2270
2443
2470
945
2209
2312
2470
2441
2061
2410
2276
1358
123
94
2210
2451
2289
2405
2243
2267
1488
2271
2414
15
627
2321
1747
103
2490
90
480
2420
7
2316
1188
98
75
1508
1489
401
961
57
54
1678
434
698
1409
2416
300
12
2436
122
425
1514
1339
2434
1601
2300
78
932
47
27
643
1135
1134
2462
286
1940
28
118
2472
2439
2459
2219
2461
2358
2477
1783
3
1259
1345
2020
1619
1843
89
2451
2483
2204
72
2239
2445
107
66
2427
2325
1934
2278
383
1141
59
103
46
2182
109
2412
2184
2236
2313
372
2264
36
1959
2461
18
1428
2241
37
2442
812
2432
974
710
2199
4
2269
305
103
2462
966
69
2392
40
2204
2271
2441
60
2190
25
770
2363
2214
413
1885
2439
2469
2438
91
8
2455
50
2351
984
2484
2264
10
1966
73
2314
2440
2437
2384
2365
2456
35
2205
2202
2488
756
2221
2412
101
2419
2487
51
2483
2301
1755
2237
2449
4
2318
2462
34
923
1044
103
2267
2432
2493
1581
2439
36
2469
2439
2194
1474
22
20
2467
2395
1
838
2392
2485
1996
91
121
2289
2253
1279
2486
2281
2308
2254
2234
2386
2482
24
120
2478
115
1105
2011
2463
22
540
124
100
2224
2478
2189
2442
644
2464
47
2474
22
2394
2329
2363
2380
1917
460
665
1795
2281
2375
662
2323
65
34
86
2455
2467
74
2234
2413
45
1396
2404
1842
2346
56
1985
2467
1791
2185
2222
2430
2240
32
44
2220
1424
147
2375
1928
2476
2392
2185
2468
1293
1763
447
2456
2365
1288
2444
1354
2226
1588
2462
830
2199
2491
2458
22
2233
2196
15
26
112
2400
2476
2096
2324
2444
2372
2484
2383
2439
2377
9
112
42
289
2461
2438
799
2440
37
2448
2484
2434
13
10
58
1025
1639
28
1393
2434
2453
2476
120
2324
1520
2442
2104
2238
2193
2495
2463
2208
1349
2387
2473
2271
358
1466
1093
2400
52
1480
841
2359
2471
2240
1496
37
79
2438
2477
47
839
61
2191
2451
2468
1076
80
20
2258
1884
528
762
2278
1618
83
2240
2475
2494
56
82
2486
2435
2253
78
2233
117
2451
1968
974
90
183
72
1362
605
2443
1681
2452
70
1120
2467
818
144
985
2198
276
2483
103
1603
2454
2481
1015
2494
2452
97
2477
95
2447
2446
2406
72
935
2205
2467
2487
329
1438
2491
2306
2188
1126
2201
38
2012
2249
1364
2477
2183
2239
1338
87
90
2439
2423
92
1424
75
2287
2263
1402
2
2462
2317
2354
2237
2197
1460
98
932
2482
500
2435
1283
2488
116
38
1159
36
829
1887
2476
2441
2302
252
2248
667
95
2228
1787
89
2425
2473
2360
2448
1149
2285
88
1807
4
1979
51
53
2383
2441
395
2233
2176
789
2491
2389
2446
21
2436
85
648
442
1576
1437
2223
1276
50
2474
2484
86
103
2447
52
1685
2215
533
627
1971
57
2352
2321
2350
2485
2232
2488
2433
367
112
2020
29
2476
2434
451
21
2250
50
109
2475
756
731
1939
110
631
2350
2315
2451
2289
2307
2285
19
2318
11
228
2280
2423
2386
359
102
652
1834
2283
2220
2325
2466
1332
2433
73
102
113
119
2481
2205
2006
2479
461
80
2466
2416
685
2466
844
1656
43
1374
11
127
624
2459
309
236
510
2388
193
2185
2493
2465
1989
482
79
821
2440
41
2439
60
38
1026
2443
8
2217
2444
347
1971
121
27
89
475
874
2267
1441
798
2179
103
78
2465
2249
