#method=quickcheck
#elapsed_picoseconds=197022000
240
983
409
1196
1846
468
1332
665
496
1919
623
402
273
369
501
722
531
893
1097
1981
743
1284
1236
510
1154
2005
1357
143
1490
1525
240
726
775
1976
1146
317
2042
294
786
601
829
1677
1477
384
1429
1898
1187
1196
1563
498
892
1052
1362
255
1179
451
1397
1808
447
255
1572
1820
755
1222
259
1751
1845
458
1192
240
1434
1696
156
945
1913
548
410
1135
522
994
830
1816
1636
1142
1475
294
858
1995
1711
440
547
116
1529
520
1420
1937
1542
572
1966
90
1182
126
1615
2
1765
680
489
117
251
787
1849
341
811
244
1288
1208
1135
1571
849
1273
361
1061
1563
3
1792
1842
223
1748
1027
1726
1024
730
1721
602
340
1673
1360
482
84
1668
449
1523
1061
1737
876
404
1905
1492
1288
1507
979
1100
592
726
916
748
764
1606
672
308
466
25
524
926
709
1614
725
1032
132
1018
151
286
265
966
1727
1248
382
234
2013
711
723
1977
2034
1586
1678
916
1117
1906
40
343
652
1733
1826
1888
1571
157
1889
1347
1759
409
956
1504
1584
535
822
1343
1552
1072
1496
1981
1902
1011
56
826
491
351
1426
1997
1190
1676
1232
188
1885
1253
690
1237
1955
95
122
428
1705
1411
1949
664
1286
1356
1085
408
636
1413
1317
276
49
853
1631
1979
595
1604
326
932
1202
1189
1915
1986
790
843
1850
1286
1010
766
1018
146
1264
154
1989
252
1477
769
941
1149
250
1717
1443
982
1155
1014
1940
636
803
919
1639
671
143
61
1028
1851
74
888
1182
212
1428
43
1296
488
468
1995
167
427
1376
96
316
1038
1003
1168
1525
37
616
1268
817
1282
1033
1917
112
804
1812
1213
1403
838
383
1574
2027
1899
146
701
1465
693
1676
1464
755
1273
1274
1678
1289
256
1586
1382
1962
989
1233
194
776
13
345
1314
455
1090
494
717
1632
1478
68
1738
709
1136
1357
1396
1439
769
1290
1328
1669
255
1896
136
571
1416
1932
204
1315
907
3
776
1936
1459
1662
1579
1938
453
512
2010
684
1653
1092
1025
1313
516
835
1519
102
812
17
10
1197
1975
2
2016
1359
17
783
433
1591
1179
1332
1795
589
665
1091
1517
1192
1380
904
1482
719
233
1157
1652
215
212
486
1799
1395
264
1680
1752
933
1360
1422
1749
170
1323
1999
1775
264
691
1297
1539
1798
1466
1704
333
1285
1191
1809
1081
523
1226
585
737
572
560
1462
1010
1546
1140
524
1578
1551
913
723
1901
1046
1274
779
185
608
1303
614
1760
1440
2001
523
183
1385
1150
1850
547
1781
1334
1222
316
632
725
1944
756
1030
20
391
147
92
1024
1727
1471
1992
1542
347
1209
161
684
532
1678
1083
1235
1303
863
248
1162
1541
812
295
82
1900
1840
1216
295
785
1820
1202
1420
663
772
1554
22
847
237
657
1521
1652
1645
1999
468
501
365
355
1447
1157
125
1442
1704
1387
2001
242
237
618
1994
538
1245
532
1640
864
1675
1189
1791
347
133
696
504
1830
157
1155
530
1822
1367
1319
719
1375
736
1205
355
963
1072
216
1654
1177
236
973
1030
202
800
1749
150
394
450
611
390
1499
587
1359
418
1674
518
786
615
795
386
1001
1390
1683
1317
1917
1710
609
930
434
1738
144
678
387
16
1479
1155
1288
1504
21
374
860
1277
979
651
1590
728
1451
1398
663
1395
708
1075
1429
307
48
852
682
730
246
1684
382
1779
707
218
506
355
260
637
1658
877
405
278
2028
878
1121
1882
1489
648
558
946
1436
1760
1541
1572
689
799
468
298
326
231
310
537
1170
964
647
377
1705
1298
1323
1603
988
880
1042
331
639
512
1913
1458
546
1670
1617
1595
215
1551
2008
1932
1834
958
1467
542
1834
1678
1888
1192
2017
395
904
1988
291
195
1532
846
925
1063
1344
692
745
1944
441
1367
503
1313
170
410
1962
1197
1303
1353
1773
427
1666
1586
1761
1322
949
517
382
1195
14
1094
931
1532
1605
1993
2017
1472
134
1700
1826
1878
1235
1040
1794
1456
1420
86
739
783
427
1860
1198
1398
890
497
867
638
917
1396
1369
93
498
521
1995
781
291
864
1861
1344
1387
607
990
520
728
100
1729
1310
695
1087
1076
318
721
1464
800
1012
1835
1222
1945
1283
106
1362
932
1721
910
486
1645
158
12
1707
95
800
974
2020
927
764
201
462
1066
529
100
1193
1398
1341
2015
91
475
829
771
1660
1560
1011
1466
171
328
710
1842
1284
560
313
1397
1928
1951
309
54
1315
1738
1528
601
1650
1432
1227
570
355
845
1000
756
1022
1278
753
108
191
803
1792
280
427
1860
387
1757
272
1754
950
1264
1170
479
1480
699
797
439
1331
1082
713
963
1141
697
1506
1535
369
1926
1771
1317
1920
1997
1073
359
1628
1858
1802
1431
1725
1714
561
1537
1865
1170
533
576
667
2029
1089
343
746
1842
283
285
1680
1524
861
969
1695
502
1775
534
657
11
581
1822
816
147
271
656
553
714
1228
907
141
106
480
243
1501
214
1642
499
712
708
1936
783
140
1229
1977
1780
823
1792
766
69
2022
1816
2029
951
1314
1486
1128
1195
1292
1890
0
1253
1620
1159
462
926
1732
1777
332
1687
694
763
676
1558
1011
933
808
1975
282
215
692
1583
1817
1057
620
1840
653
539
1798
1621
1981
1384
130
974
531
1540
187
1073
1639
1677
1190
1356
1560
