#method=quickcheck
#elapsed_picoseconds=211884000
1869
1259
1711
182
2011
1915
1052
1462
1998
313
1640
1040
799
7
1091
1852
1945
1888
1539
1410
1593
1337
1086
1533
494
1668
110
1091
485
1606
419
1210
369
733
1929
1692
1387
65
1492
6
823
1116
287
536
534
1670
326
1673
645
1396
351
485
652
269
910
1117
1592
695
1157
1435
129
1340
211
1384
1135
1976
6
1019
373
373
1374
512
817
1900
1571
331
1857
356
1618
136
2034
1860
1256
928
1355
557
2018
1543
1714
2007
1653
828
1579
1435
925
1653
843
1957
262
1020
1755
256
1504
640
1139
1067
402
1361
566
189
571
1990
1830
215
1704
1947
436
618
765
1595
752
413
911
1003
876
1294
1969
82
696
1759
1421
601
883
1998
810
550
1789
500
1380
551
443
1888
589
966
438
1031
1044
1035
1758
638
994
1725
1607
1475
600
1838
1646
9
946
187
221
220
1801
1192
1788
692
463
1077
1330
2021
530
52
668
1844
1888
16
1742
1194
36
99
1835
384
392
1140
1501
1632
263
922
1066
1735
236
2031
513
189
1462
207
1708
728
1172
1786
289
1512
785
1483
1908
1063
1643
1424
404
1176
974
243
538
629
1910
922
551
1048
311
353
1235
1737
138
1460
648
236
1783
1106
1247
169
1781
1572
2006
1159
112
1241
806
1514
1551
4
845
1831
322
390
391
1560
1193
705
1209
713
291
995
836
1258
854
1539
1033
1109
2029
637
2004
191
2001
584
12
428
1374
1452
1968
458
228
1159
79
1178
65
423
712
226
816
487
1794
105
1737
1936
1117
1673
805
1120
1383
787
272
975
659
993
337
1822
1048
1480
830
1479
1954
1951
1339
145
1128
2037
527
1371
990
559
1211
1235
1729
1478
1550
186
1090
1781
1494
937
1523
1732
1351
746
1509
1654
1482
397
1450
292
1872
425
2022
1441
1841
2006
1979
1937
1171
879
746
1708
1507
1459
1046
1634
1534
251
1155
1637
640
2029
1607
113
1962
1502
642
712
235
1656
1896
1708
2024
802
337
1720
161
185
870
957
1330
1543
655
1334
130
2005
1731
1622
1877
1425
1018
1376
478
390
522
1377
635
1431
1757
323
1933
1094
103
534
1970
1553
317
1118
1294
77
1461
1793
1288
1404
378
1143
234
1943
1103
751
161
325
432
897
1596
1852
944
1766
202
1645
777
1805
1688
752
850
2005
228
1731
2005
1829
753
366
464
1776
351
120
1147
1738
1701
594
816
228
996
1799
1488
1624
1044
1834
177
1365
1966
262
1618
35
1371
936
1941
1731
970
920
1506
1588
665
954
1966
1856
1358
932
58
692
1251
960
120
585
1006
515
2
1672
427
626
1002
746
968
580
1067
464
2046
993
1559
1904
1679
255
426
835
1203
338
108
1732
603
1507
810
427
1715
1173
73
652
1149
444
853
1007
2007
1488
732
1619
1684
933
510
412
392
220
178
563
1256
1461
121
693
718
872
2025
1387
1703
1478
327
673
1288
1857
366
254
1315
860
138
692
1854
637
132
495
804
1750
413
991
1333
556
706
1753
1176
1670
1075
1637
182
1213
744
501
206
1388
1885
464
1696
1404
276
410
14
1540
1264
404
1497
1174
847
1807
1796
1056
521
714
1589
1491
1743
207
1692
1193
694
1138
706
1340
365
1798
17
768
834
1396
1394
1634
1232
576
1303
382
1485
130
1346
916
1377
735
1633
1943
188
1043
464
1201
676
1200
1020
444
963
1129
789
146
280
1488
1330
1166
1352
924
1117
1290
104
374
1097
1225
802
1296
713
1199
211
70
1097
1022
1963
619
206
118
1791
536
846
972
922
66
1391
2017
252
864
1335
286
1386
107
1883
1746
1869
1172
518
622
409
502
1053
256
1417
828
1465
1980
1660
1855
1855
180
1975
114
1020
118
2004
684
866
790
1138
167
1504
1019
281
335
916
1529
1
1079
325
934
1343
1726
191
162
957
443
233
1044
1704
1331
908
28
753
590
491
1564
1256
1757
122
90
1211
140
112
2028
2042
500
87
1668
402
965
758
785
581
2036
862
392
1364
2022
506
1450
701
967
21
584
225
1516
744
965
2004
634
1322
1600
1503
837
317
15
786
1511
413
1472
1953
44
334
851
1253
284
203
1882
945
1584
148
611
326
658
1353
158
274
1925
1638
1059
324
1333
298
279
727
213
888
291
1221
1221
470
1153
1138
1007
501
1233
1810
481
877
586
244
2020
1369
1464
131
107
817
1511
1516
1604
1086
1508
1463
521
622
885
474
772
258
101
1914
82
1914
1070
580
56
966
235
704
1274
1702
1740
963
393
1079
97
1537
992
1905
2023
1780
859
1532
190
1634
457
1407
263
567
1636
1467
1656
775
1240
955
419
1511
1349
1731
573
1111
958
147
1701
1789
1340
1095
300
909
1561
904
1944
34
1895
1081
1287
1656
681
575
565
2016
691
273
909
641
703
360
346
1587
1727
279
1840
1815
1384
74
1156
1887
1162
1676
29
1460
1729
2035
108
986
488
1950
2000
1625
1784
1614
156
35
467
1708
1207
1095
1185
1652
1579
1417
564
505
924
1242
1678
116
975
958
1851
41
1639
121
487
1757
1566
1306
1610
1902
920
1883
234
448
646
1912
176
1850
781
1494
1885
500
326
1099
823
105
324
389
21
718
23
1333
1257
532
1881
615
1427
419
850
2034
486
1953
1353
1909
1343
239
1600
1844
1449
675
582
536
575
735
1298
1200
605
1872
1008
1401
1312
404
1830
1766
1761
365
681
571
425
999
1556
