#method=quickcheck
#elapsed_picoseconds=227327000
66
26
19
121
597
1722
2267
1968
583
3933
1236
6286
6278
6276
785
6277
6285
5650
6282
6287
19
4
2987
93
4266
6276
6277
4374
201
6286
1895
221
3906
90
6285
102
2766
6273
1464
6278
1329
85
6287
4698
4215
6280
5534
4133
6273
6279
127
41
4798
1313
947
811
6281
6281
6278
1
6281
95
5410
5476
709
6278
10
5681
30
5702
111
1478
2219
6285
83
56
1023
20
85
4727
65
4913
459
125
2302
800
125
6273
2749
6282
6275
6274
6272
47
77
6273
6285
227
3736
4194
4316
6168
122
1923
6272
2961
4726
3289
4837
109
6279
1324
6
60
5686
6272
6276
6276
3724
1
1186
2912
954
6282
1603
81
11
6280
6285
1749
2900
123
3792
4260
5508
2503
27
113
5344
140
2570
93
52
90
3909
5660
1335
2911
6273
6286
1917
69
1812
2043
1363
1862
3136
405
2981
92
1089
66
6277
4207
1107
2164
1961
83
73
1075
1154
3981
89
6276
1570
1592
518
6279
4014
6286
6272
6285
6279
49
6214
4413
6284
3487
6276
53
111
6283
724
6277
6273
6274
1050
4699
3761
6285
6277
9
70
1323
6282
1888
6256
1078
6272
111
6285
5761
65
5783
723
52
2393
5196
23
3125
6279
564
1284
909
841
6286
3847
6282
6276
88
6286
29
6276
6276
4148
612
53
4543
5369
6273
6275
2940
6278
1612
1516
92
6277
6055
6285
4119
896
6015
5377
2203
116
19
44
6286
6273
5932
79
6281
105
393
124
6287
6272
2794
96
1778
6275
6175
852
2131
67
5201
6276
6115
6280
24
2788
54
6273
1509
810
1254
6275
1910
47
102
1564
1718
6277
0
4976
7
6282
14
6283
107
5694
4127
969
78
6276
66
4411
51
6274
237
3812
50
3524
4825
83
5212
6281
5672
65
1687
562
350
1261
52
4429
4143
4119
3409
3536
2379
6284
3583
1928
2074
33
781
6278
2867
1450
59
33
3335
3473
3248
6278
820
5463
6285
4228
6281
1703
2774
77
27
246
95
469
5294
7
1170
3233
6281
118
6273
2163
6276
5043
2150
2915
4
2239
6282
6286
59
1094
2215
6275
6287
3
91
1730
69
1603
6278
107
29
75
603
478
6273
7
107
637
905
2467
6274
5870
4804
6275
726
125
6276
6285
678
92
5690
1166
4
6283
7
3055
1416
56
2267
113
6273
1694
3514
3713
5071
6044
6274
830
5388
1598
6276
6276
6117
1606
119
6284
5983
496
1761
6287
2077
3200
18
6287
4968
6283
1218
6278
6281
6273
112
2351
6279
3932
6267
727
1563
5586
86
6281
2505
327
3398
1070
3
6284
6281
908
6276
1789
6275
6276
6287
590
82
382
6272
6285
6154
898
2159
6278
96
50
6286
65
38
6279
4906
9
21
6287
2847
2860
825
107
6279
4343
22
6281
1918
4262
104
6284
54
202
6272
6276
6279
6273
64
6279
5207
209
18
6286
5281
1157
4788
6275
6279
1087
80
6287
6275
6277
1990
6282
2245
20
4472
5175
5014
1912
5573
6285
123
6276
5710
2583
123
6273
112
55
64
1914
981
18
5299
4553
4562
4657
1277
5904
4
6279
124
6279
92
43
29
6217
5891
6276
6281
2651
3509
54
1112
6272
5
1221
348
146
667
2306
6281
6272
3284
113
429
328
61
989
3591
6279
122
4025
1609
5667
6285
6281
6279
113
6283
8
127
6276
2347
6283
6282
27
119
1997
6274
3415
97
6278
6276
47
803
6285
31
5236
179
6283
4709
59
1215
5711
2705
4425
6273
6276
28
6032
6282
6275
109
13
48
6282
6226
5689
6285
47
6280
1353
2084
6286
71
392
6282
1864
26
552
6076
69
6276
2177
4536
6277
6285
1287
469
3089
4951
3144
6281
6286
5589
462
113
75
1491
100
499
6282
6273
5160
1059
67
529
5126
27
6275
236
2294
81
75
329
593
2537
6283
4366
1395
104
6284
1616
1112
6222
2818
6277
1347
2872
84
47
1336
4263
528
1584
1456
3932
1003
120
112
3364
5977
4204
5229
53
2799
23
1055
2253
2861
6287
53
56
5470
55
2900
72
280
4692
3085
1557
3526
5901
6
1347
6
4515
114
104
6286
23
6282
6282
463
6278
103
4789
776
1267
5319
6085
4747
109
1188
2357
73
50
6273
4832
1513
117
6278
2145
6272
3277
6122
2083
2578
108
5234
122
47
1818
90
1269
896
4749
551
1517
1139
589
6277
2
3786
59
6272
470
3819
465
6282
759
1423
6275
6283
6274
21
581
6286
1246
14
6277
5508
90
21
2774
4252
6278
39
6278
123
354
3287
2121
5319
3446
1327
1842
6281
320
60
6139
3536
1337
6283
6283
111
6273
6274
16
6278
189
27
6278
2888
6276
1710
3447
6279
504
4947
54
6276
82
46
6272
6276
80
4657
457
6274
811
2847
100
1413
1201
1308
3945
6280
62
4182
6118
955
6272
6273
5944
30
3674
5693
993
37
5433
910
4791
1284
6280
241
2963
6280
387
1965
18
114
4747
6283
6275
788
139
5302
6277
6279
6281
20
29
6274
6273
6274
1717
6277
3278
558
2280
4268
74
1587
5690
122
4885
6280
4696
1275
2069
42
2040
42
5741
560
6282
6276
5027
3568
2801
6282
5037
3728
2229
6280
216
105
1171
6281
5524
0
3325
6286
26
6286
2783
3532
1633
76
972
6277
2749
96
4445
5747
35
97
758
3506
6276
84
6287
5528
2
66
3848
70
1106
5241
6274
4286
2138
881
6274
3004
38
6099
52
6275
1456
1509
5904
47
53
467
45
1423
6278
1021
127
370
79
6276
4467
4394
62
118
73
64
7
342
5089
6279
1309
3731
106
5798
6
4046
6274
1281
2040
6282
4010
1229
18
6282
681
