#method=quickcheck
#elapsed_picoseconds=238173000
1767
33
6285
106
641
6272
40
6023
1988
6285
4290
3513
12
6277
6102
5430
6279
5920
3399
108
6112
1115
5789
2019
6283
76
6287
48
6276
3525
6279
123
2516
1805
6133
2345
519
1711
6287
699
1829
6281
1676
5775
1901
3526
3907
40
1012
5444
1074
415
6284
666
6278
6284
2117
1244
75
6284
97
4242
6272
181
3325
111
6273
204
4010
2073
6286
5508
5567
2544
38
95
75
86
6280
6287
4583
506
6285
6276
3497
4111
6279
2668
1345
561
3562
84
1711
6284
4504
1248
430
17
1430
2471
6285
2454
514
5384
115
23
5830
6278
967
90
85
25
1534
993
5392
540
6286
6272
1924
1883
5064
99
64
96
1333
77
1906
5293
6284
74
2293
6283
547
43
6282
1948
44
4157
70
2165
5570
49
1668
3582
575
99
6272
1179
1815
66
2632
1826
2
5526
6279
5291
1606
53
2794
6274
3288
44
6284
2109
62
4097
46
368
185
1040
960
2487
6276
56
6282
1488
86
44
2310
6286
4899
6275
1058
63
114
1034
1896
3287
3201
6275
26
3211
116
118
2
4147
1046
1045
4832
3114
773
467
62
458
3887
460
6286
5325
6282
3759
20
3742
1422
637
3562
2284
1225
78
6287
79
3939
5481
1956
101
3526
600
3770
6281
4124
20
2961
24
5467
1301
586
3290
1208
52
5028
694
120
6277
6287
6286
4401
878
6284
40
6287
2511
119
6285
22
6275
14
6272
144
5586
70
51
122
4477
4097
3039
17
5809
5126
6281
6278
1484
1185
1763
4793
72
110
5800
6239
6275
5291
4879
5783
403
5937
2320
3958
4916
37
117
1502
5802
10
52
5978
5721
6279
6283
59
104
3265
6286
4033
5634
2566
6282
37
6283
6280
6273
6279
62
6286
89
2
1422
81
5542
1479
49
6279
2525
4921
6287
101
54
180
6282
1955
115
6278
4372
98
5063
6285
3505
65
5276
6276
392
709
6275
6273
6285
47
6278
6279
3060
887
6283
6279
2335
6275
6277
33
1679
2440
6272
80
189
6284
1353
1585
6272
79
6278
2155
6272
92
4339
1803
85
6278
10
6280
438
1443
456
70
93
2198
5641
66
2267
2032
6285
600
1265
6287
1589
6287
38
6279
2385
6281
3820
76
3150
4097
1414
3770
6278
6273
984
2586
6276
4622
1293
1246
6045
5066
114
966
6283
84
50
3802
6287
0
2511
5081
3818
2562
699
1126
1725
5629
93
2623
4710
6251
1384
1785
6272
1161
119
94
3081
44
6277
5335
3451
44
180
5668
56
113
104
753
1815
6275
113
6277
6270
3630
123
1428
2801
3252
3355
4948
2086
6277
2215
73
1421
3549
1483
6284
6277
757
986
50
122
6287
1457
6282
3022
5120
99
391
372
121
6281
6282
949
1658
6286
112
1409
36
4603
6287
6286
1614
6221
117
1605
84
2361
3480
6151
4576
6282
1819
62
2941
2055
3614
6276
5327
19
6285
20
3229
6287
6283
1119
4089
47
6281
103
51
6273
22
120
0
6282
6285
1356
168
2978
6279
48
113
125
1920
3811
6274
6273
2775
6277
1725
57
6277
3922
5572
50
6284
1406
1548
84
4707
4794
73
6154
105
6284
1106
508
41
6279
2542
3008
6281
812
6281
113
2063
16
6285
4155
29
3150
1393
74
6286
420
6281
6281
6112
3154
6279
6273
2452
4498
908
2876
6278
5018
429
58
837
582
3570
213
2121
626
103
37
4851
1318
345
10
423
6284
1304
5681
1500
3852
22
6280
2160
6277
3302
3509
126
6285
6273
5609
6287
1959
1655
6285
6281
5078
1315
2007
121
1975
43
5317
6278
45
5222
4998
2744
6
2074
103
796
1481
106
1064
6275
6279
2387
3149
2746
1916
3005
1030
2050
6286
119
6287
5641
3
1274
1334
3221
669
5345
6279
20
2419
6272
6287
2032
6275
6285
3214
1948
6274
1107
4364
6277
42
2024
6287
4
94
6277
885
6104
811
3746
2410
1342
6285
217
889
6284
6279
126
1730
2585
3242
6277
893
94
39
6275
6023
85
56
6278
7
42
63
120
1096
4751
5789
3
6251
782
1179
6152
525
128
6283
1784
7
77
6275
127
5612
1143
3979
2021
120
38
6285
5468
74
6281
2051
1971
13
1038
1637
650
2052
59
4959
6287
3990
99
99
2054
1715
2875
1841
6275
4741
1529
119
74
1492
172
4136
5104
1946
103
4200
1219
6281
1419
6279
1873
39
6286
4633
6285
4933
6272
0
638
4131
905
2189
6281
73
666
6285
5322
7
6284
287
5636
603
1051
100
466
6279
1523
1844
6280
145
6285
622
6275
6285
38
3379
1534
4557
760
6278
1062
4682
6278
5528
70
2228
2710
6272
6281
1605
116
6282
6280
2917
1184
471
4108
118
84
60
4049
800
6280
6244
6282
6280
2953
1600
1312
1416
5340
984
527
87
69
77
5533
3223
99
6274
6275
8
3431
5541
1542
6277
2765
71
6279
5533
1532
6272
441
118
6287
31
6273
6279
2
103
1841
2990
614
3823
405
4613
6164
1549
29
6274
90
4621
4522
451
29
3008
6287
89
1092
99
6273
6278
3386
6284
793
96
4694
4197
434
5857
42
6278
6273
279
1106
6287
5219
2142
5
5952
4477
1947
6278
3169
3475
169
1637
2101
29
3646
1341
6276
519
36
1965
6283
1867
47
3555
6285
5940
6284
3758
5408
3282
6273
65
6279
6287
5948
3655
67
226
192
4394
6273
6272
660
4270
98
820
6281
2038
1888
40
34
6284
1492
3402
18
6222
6274
1224
1077
126
49
3572
126
247
1510
36
6281
13
20
6105
6279
2
6277
4368
2872
3879
3755
5336
92
4290
3788
5175
89
120
84
6283
6279
111
493
60
52
5094
2039
4607
2963
115
359
