#method=quickcheck
#elapsed_picoseconds=192555000
4
65
2462
400
2489
2473
2482
113
2279
115
2335
2437
2466
112
2343
1929
2491
87
2298
282
2328
2328
2367
1328
2314
706
1622
2460
2494
2441
363
2364
2455
2474
53
2415
2349
2226
44
1179
127
27
272
2443
929
658
2464
2204
2464
2325
2388
442
2446
2460
2410
84
2462
2342
2464
915
42
92
2485
2349
281
2341
522
2492
687
109
2388
70
492
374
421
2400
34
58
454
2317
2272
2405
2290
2474
26
2326
2
2447
109
2361
73
1045
13
2483
1162
2115
1864
2361
835
74
2384
2467
2222
2439
23
478
27
335
110
2204
723
45
2344
2482
1234
2425
1819
120
2432
29
2484
2186
90
2436
1674
69
2308
2483
2456
52
2451
2480
30
1310
26
945
11
96
931
1639
58
1817
2481
2188
99
2436
2462
2415
2433
2447
116
2478
2454
2339
1030
2462
2443
1769
2253
1219
2463
1936
2489
1698
2298
2473
2447
2277
2354
2236
2459
46
318
1143
2447
2310
2309
2431
2283
2466
2408
1609
42
2490
1986
65
2495
2316
2244
2491
2494
2240
2279
97
2334
2333
2465
66
2491
2460
1949
2442
2381
21
633
452
1199
51
2487
2183
1793
81
1441
2240
2240
1117
117
1102
2458
2259
1766
64
1802
1901
1928
2243
2466
292
2461
2448
4
1410
2302
2193
54
2342
2459
58
2448
2485
2435
1690
2474
124
936
2324
1593
119
2247
2480
2246
2484
916
2424
2456
2432
2
44
2443
251
2242
1735
59
58
1103
2479
112
2454
2458
344
2439
117
2492
2362
2408
110
2492
1507
2427
2444
2
2298
112
685
1408
2478
115
2377
2483
94
247
639
2450
1690
2448
2476
2486
738
13
2443
840
2210
1025
2206
29
2183
8
2399
85
103
10
2457
2445
2212
131
2254
2179
2456
1480
2263
655
2258
727
94
366
122
2223
2335
15
2453
22
95
2273
2432
2248
2397
828
43
42
2453
2434
2301
2461
2442
2452
253
2435
107
2395
25
107
2461
2223
308
135
1941
455
1206
2417
105
2492
103
97
14
2403
1083
2226
112
2433
103
1210
414
2437
15
83
79
2440
2377
2470
2370
2491
564
2442
2449
24
715
41
8
84
988
2436
1218
1153
93
2339
84
2295
68
2315
2276
91
2481
2075
78
2451
40
2463
2456
2486
2295
2342
2298
378
640
1464
745
1260
1750
584
24
37
2238
2453
315
2185
1241
1293
116
2408
2461
1298
2466
2031
2212
1280
72
326
924
49
85
2183
65
69
392
2478
20
38
2450
1243
2479
73
35
2377
2210
2357
51
126
13
1365
77
2169
2217
43
111
127
2446
29
2450
34
2387
79
115
2453
2469
112
2489
2453
2466
2254
2437
2477
125
2067
2319
27
2236
2221
2480
49
13
2466
921
2489
2194
2430
2205
2443
2335
67
2242
2287
2462
2223
29
14
231
113
1196
64
123
2433
2474
2481
1717
1802
2321
2472
38
2195
42
203
2254
83
2241
343
1030
2322
1196
2451
2433
2304
2474
2457
46
2316
2249
1048
2200
130
2439
2461
1950
946
67
2384
97
2481
2275
2452
2339
41
104
66
2374
25
2286
55
1619
2179
64
2486
51
46
1736
2473
1327
2474
815
67
127
2435
2466
31
123
2437
2483
2183
2492
2255
2485
860
494
1674
708
18
551
2434
1212
2471
21
39
17
2085
377
2493
2389
38
2283
2494
121
106
2327
7
2296
23
1309
1436
2296
2455
859
2217
2222
2467
2293
2414
2351
1498
35
116
2467
2338
1381
43
446
1969
405
2444
2460
2464
1801
1233
2459
101
2467
2494
2260
2253
2468
1556
2453
2390
2284
2481
2389
2386
2315
2386
59
2
2477
18
2267
2339
497
64
1447
2453
1633
1045
2494
72
1268
2178
2256
1930
24
2195
2490
2450
1612
2193
2061
2489
43
2495
2303
2193
2430
2206
1924
2485
2477
2339
2269
322
1502
545
1660
2489
2438
2452
2472
90
2350
2477
1854
60
82
2263
2438
2407
1007
1578
64
2342
183
296
2395
792
1138
195
2312
2325
88
45
2298
7
2252
14
2459
2422
26
2349
2451
2486
1678
2441
58
23
2483
103
2341
2386
1609
2354
2475
1626
52
2494
2434
2492
2424
2385
1243
2208
758
2483
2433
883
119
1220
2440
2363
103
2098
2276
2185
89
2492
91
963
41
1704
64
122
2237
752
82
85
1147
2181
2400
2319
324
2275
1244
127
2375
2317
19
2439
17
2438
7
20
1094
2456
2319
1189
2379
2372
2415
99
1770
98
2241
2269
2092
13
2367
386
105
854
89
120
2475
1901
2368
337
2192
2336
2478
14
24
2380
122
1326
2315
0
2332
346
96
23
2330
50
1135
1572
2179
84
434
82
2297
2475
2386
1673
34
2473
478
71
2385
2343
2295
29
69
2323
47
2203
755
49
1
48
2270
76
102
2447
2438
2486
2387
1772
2273
2399
2489
95
625
2264
2469
2469
1118
69
799
34
2482
2340
772
1
2473
2201
2379
2380
1224
572
2457
71
2406
104
2365
783
2433
1376
2289
2196
849
39
2210
2323
84
2472
550
1532
511
1241
2435
2453
2489
2311
1231
2359
2197
69
2440
729
287
2443
81
105
2
66
14
51
2465
2444
2203
58
2424
2233
2381
1841
2257
951
127
2333
2447
2292
2436
890
42
480
787
2488
355
2406
91
2462
2274
2452
2432
1111
531
2415
2471
2352
2134
122
666
1333
2322
2313
2442
2388
2283
2347
2119
2007
2356
2365
2441
1693
2465
178
2427
433
2412
107
2481
116
2434
2264
471
2473
1526
2482
1635
72
2214
757
2449
51
41
2488
31
2042
2452
2464
2435
2494
2315
30
1587
883
816
