#method=quickcheck
#elapsed_picoseconds=198534000
1115
2014
1571
1067
1174
458
543
1232
112
507
782
1238
1338
1645
1892
532
1419
1899
55
728
854
399
1516
373
1411
1093
930
339
1833
1119
587
1546
645
1055
109
1778
201
1411
240
243
151
305
1080
407
1547
257
1290
990
349
494
1267
1564
1297
1553
1908
488
1042
1019
233
1105
858
947
967
803
665
1213
956
1104
1008
1139
1278
84
1066
719
1541
80
960
283
1470
511
1710
1287
1286
178
816
1240
1825
1503
1743
1033
633
1275
1692
903
1151
1344
1390
1930
1021
1777
1587
1226
1443
951
1373
1763
51
226
545
426
744
1480
1579
699
73
451
863
353
614
1170
902
464
202
175
1238
89
671
85
900
388
1978
753
925
418
761
355
1786
286
2016
324
317
1169
859
727
1994
90
46
1196
1174
1736
68
1750
140
1768
737
1441
618
915
1717
1601
1311
544
732
962
1125
1955
409
1362
1545
1648
980
315
911
705
219
1739
1367
258
743
1847
1204
7
1729
698
225
567
318
10
1447
1448
752
667
1899
1272
1521
4
373
1302
803
867
96
118
219
563
619
1081
2038
881
1134
1281
1537
177
1963
1439
936
1649
329
537
911
1155
97
1789
1786
2004
153
1032
850
529
1620
378
1253
2023
868
1672
1200
962
311
1341
465
1304
667
640
1775
465
1060
457
1160
1020
1464
1104
1192
308
1748
1114
1711
219
541
653
1423
885
1261
721
458
806
1711
1971
1557
245
1770
1344
666
1734
628
1587
117
1975
1708
1275
979
1559
1966
379
1674
92
1496
222
1523
1834
2034
1506
1599
972
1185
132
1513
1034
838
1397
961
1666
16
913
1545
1457
304
233
1403
1653
787
1373
1738
1491
929
173
1009
721
1416
1023
585
1199
777
1455
670
606
425
1421
693
952
0
1128
1191
1674
445
1424
1645
667
1544
1771
140
1843
192
1320
1762
1249
546
468
1310
438
382
305
304
1581
1152
1712
296
937
1669
473
843
1792
1646
296
227
1294
1570
1636
363
1363
485
937
246
118
1170
1496
579
1185
1003
1374
422
1636
359
1043
1050
318
535
526
636
1165
422
1629
1990
1641
1322
1017
477
1940
220
1067
432
279
1392
1992
371
756
1249
541
1700
388
62
479
734
468
1880
650
361
1527
1948
1561
1507
127
1123
330
1824
931
886
1215
1097
187
1685
1243
1776
1795
1327
629
807
2018
267
270
1717
1124
622
410
435
315
1536
993
984
262
1824
807
1575
0
1803
49
1981
921
329
1811
1595
677
1048
1407
937
1818
1094
1460
526
711
1788
381
1016
1709
790
704
1643
696
589
1725
1092
1057
17
650
1060
772
852
1049
1763
283
964
794
1993
760
477
1337
228
736
1268
1848
645
477
233
813
1552
375
1752
1707
1601
1563
1522
1669
897
1274
903
174
355
305
49
1062
634
876
270
1389
473
1328
265
832
1363
1536
1413
1099
790
1636
937
545
291
1379
1594
1598
1028
1367
1833
214
202
1767
1124
731
1208
1688
1744
357
436
202
1601
444
325
1895
1046
1704
978
1844
1554
1970
1361
1690
26
1850
330
1269
992
1238
1645
65
135
627
63
519
588
873
210
1582
184
1860
755
1557
667
2011
1175
212
1598
1028
356
1069
1538
606
703
836
1155
1092
488
1495
1440
1646
1109
1725
1698
293
1985
1723
476
886
656
950
479
2046
1252
1447
1257
1072
500
1338
460
642
809
1443
734
781
737
134
262
314
1455
1925
2039
1960
88
1458
1215
1612
932
141
538
633
306
196
1543
722
557
1376
1467
1655
747
1723
48
339
533
291
515
579
667
1826
1399
857
664
1381
426
619
1281
1761
1203
878
998
647
2038
1409
508
868
1783
1132
171
332
145
342
749
1717
1608
1617
550
1214
980
2041
1557
251
497
1569
871
778
70
523
1611
2031
275
188
1007
545
1865
1153
1520
179
1025
1956
755
1226
1863
1325
1708
1493
1953
1367
662
614
806
1979
1484
235
1378
212
673
980
1769
1359
910
1573
1576
1735
1816
1494
2021
1219
162
442
309
1847
362
173
1694
1988
466
356
1617
1559
1559
154
1530
550
908
673
1411
1014
603
183
697
995
1536
89
741
834
1926
1171
301
1656
708
1714
699
1355
1085
1801
1437
484
276
2036
139
264
1233
1846
1157
788
920
1003
1968
502
998
401
1369
1945
100
1842
132
937
403
640
624
608
313
500
558
820
449
846
552
1427
1822
1962
867
1609
1279
1467
1413
1705
1846
1813
644
88
961
688
1739
1435
1977
2010
548
494
1365
1164
795
1124
948
1590
1036
826
1220
443
113
1263
454
143
1558
1148
1473
1747
235
448
1283
239
1145
1867
1058
201
1878
491
1004
1808
817
246
1646
916
32
1461
1803
304
454
209
1429
253
1666
205
1442
836
356
1771
861
234
997
38
631
170
1314
1084
1543
1374
379
594
655
1889
60
1775
43
1601
1914
2029
931
514
1006
1762
782
1490
283
941
511
1533
282
1460
70
37
497
944
1298
1944
37
1818
1154
112
1854
1431
408
134
338
1192
1785
1107
310
55
1797
252
1324
887
1506
1486
418
1041
1275
1945
1432
1849
124
1294
1846
744
137
686
255
1920
1026
1240
919
1723
1898
88
1612
797
1973
857
1079
1224
1453
358
1626
1982
237
1941
832
335
737
904
2022
393
1308
835
1973
1702
463
1780
410
79
449
602
1243
615
696
1311
1499
1931
1045
1345
677
484
1055
512
1524
385
1963
1356
