#method=quickcheck
#elapsed_picoseconds=236711000
1639
1036
1123
588
948
1246
1886
696
995
1292
812
1651
1235
988
1754
250
228
1728
1567
258
347
1359
91
1745
1865
1932
874
1062
1977
1179
212
1975
153
1212
852
1955
548
678
487
1115
1730
1959
1946
52
1828
450
1444
599
738
1984
1424
1226
765
1752
1040
500
298
691
1700
749
1859
482
1049
166
712
849
1986
854
1906
1919
917
211
1597
1576
276
94
313
1905
1950
1047
83
1199
192
1145
1296
1367
22
1062
1619
1447
1967
1277
934
1997
430
129
211
1543
111
389
564
1672
1862
729
1373
81
106
1702
1777
1545
513
561
809
454
2016
1766
1800
73
275
886
1818
1558
588
499
1917
427
330
596
834
1907
686
1251
669
1178
988
1041
389
1200
885
131
1416
645
44
1712
134
788
446
901
43
1603
836
146
1265
75
709
144
1787
1778
1676
54
106
1350
450
1698
125
256
360
1541
1572
1465
1925
975
1638
1739
1163
1243
1880
29
20
140
63
1038
1545
2028
286
1650
1916
481
840
458
1320
329
1901
243
899
1315
947
1958
603
835
1208
831
1269
1809
1455
1106
345
913
1600
1849
523
1794
14
26
1677
1538
1061
1645
1863
149
1020
255
227
1033
14
928
1137
905
250
645
1342
1056
1911
1348
1254
55
1428
590
1283
891
1692
733
812
1484
1643
902
787
1578
1236
1170
160
1775
653
387
1705
414
1443
304
1977
194
2014
1892
2040
1838
532
966
1479
1951
1037
1666
177
1047
1369
433
727
665
646
489
1884
404
225
1702
1761
1027
1933
929
308
850
1349
1156
1919
1259
1537
1241
3
1345
1101
1108
2036
611
1791
148
579
85
42
885
1695
1065
1556
905
802
1372
230
125
568
483
2045
1860
1435
365
1381
903
112
871
855
1509
141
1090
167
1577
1685
1489
607
265
992
1288
76
4
343
1684
668
1022
1911
1386
997
1658
1367
445
1410
1595
1891
565
1208
1243
1013
1229
100
1335
632
1069
1208
357
806
1591
194
1255
712
800
2011
54
1557
90
306
451
1753
137
1389
1805
1669
536
679
181
145
659
636
711
1048
860
564
1472
1597
773
430
96
2037
13
1498
538
1528
659
1861
27
48
1426
1388
1545
1172
243
272
427
1452
1840
465
925
1550
847
359
798
1813
55
1609
139
1443
1185
1702
574
1619
334
1951
163
1040
1324
612
498
133
1344
87
521
1128
1907
1147
1269
53
149
132
1695
700
384
1114
1128
500
634
1354
1142
623
342
132
535
1706
534
1292
529
707
192
855
850
83
1434
806
558
947
857
1669
1277
627
1107
1064
1319
1138
1943
426
1306
1549
1762
508
1008
759
1723
1940
1200
140
1996
1716
621
847
1614
34
1205
1054
1608
69
2006
1039
1298
497
1345
402
1481
1883
1818
861
1049
1326
1746
319
1965
529
2015
1665
669
1649
1625
1618
1669
987
867
289
357
798
1149
236
797
1113
1481
1406
1462
1192
253
1316
853
1065
1697
376
1238
1982
1412
1762
798
1563
1589
456
638
1784
1035
1943
375
695
518
134
745
1871
164
1708
55
1114
1544
489
1141
713
1311
1485
72
1648
597
2017
297
479
515
555
135
1745
229
1503
1605
716
1791
1715
1123
1298
1660
564
1413
938
811
922
1968
2006
443
1849
372
1795
1270
23
539
906
1319
1499
1374
1073
1178
1346
1703
457
1679
1991
875
594
303
695
1107
1280
454
1716
879
874
1187
255
259
1785
1424
1470
446
780
1576
497
611
1476
988
137
1578
1353
472
19
38
127
1912
1262
1438
1309
1250
600
1036
1071
849
412
1905
664
605
797
107
1106
1626
1013
919
450
1921
1599
1678
1028
35
911
143
959
85
1345
1943
505
1388
997
1902
2038
776
1952
1466
1132
1587
951
1233
1433
671
507
1710
1571
770
1078
1429
143
1150
530
82
1809
1514
1824
1028
988
357
488
515
29
775
942
953
609
986
302
497
1850
1023
2044
1843
1141
1841
1212
1311
687
252
1689
1833
1492
693
1128
595
1825
19
165
1845
1584
1205
1448
1116
1694
1336
189
1305
1269
1908
1230
806
1586
608
592
1172
563
1009
952
1872
374
775
1331
116
1851
1947
1095
472
1799
1920
680
830
1322
571
1300
826
1330
783
516
1471
1342
58
1440
4
761
1451
1576
1909
1365
1798
501
109
1776
867
480
1013
764
1829
1716
1870
606
1479
1190
1153
185
1505
421
370
1228
1831
1868
713
582
1959
1446
102
175
1606
991
1542
1516
908
947
850
505
1891
846
1099
750
1406
181
711
934
798
1830
1061
1889
2032
1410
104
259
895
2026
945
1391
840
974
1750
1523
1214
493
1894
138
1893
1151
1100
1129
1475
1746
1558
516
643
1711
1694
1433
284
1677
725
185
1272
444
44
452
203
1272
1192
1350
1098
1111
798
216
451
1450
1855
132
393
720
1183
1324
1375
1053
1913
103
1007
196
1713
2033
1464
1843
875
1190
1600
75
460
581
508
1147
1239
951
317
1182
807
1309
76
694
1682
103
837
820
819
2032
920
692
433
1665
923
1996
990
1655
1321
998
1830
1232
83
1101
1946
688
11
1215
1150
902
1105
1118
1187
1235
142
457
829
1165
1464
1636
1591
1574
1438
145
1307
1229
91
724
465
1134
1389
236
478
278
319
1343
845
1181
1160
757
588
1371
134
657
1502
631
325
1861
394
233
1317
936
1851
405
387
1021
1734
755
270
1758
1044
1996
1878
193
335
710
928
1648
1758
1161
1858
767
1373
