#method=quickcheck
#elapsed_picoseconds=205384000
960
1795
160
1372
1835
206
1968
216
391
1748
1019
1636
188
681
1331
1824
477
201
1314
1185
72
201
868
1075
833
1811
1277
886
1729
1050
1389
808
1130
793
1683
991
683
1599
609
1165
826
740
1269
1583
771
1703
107
1350
588
18
1846
678
1151
1750
412
991
705
1767
1591
553
877
1500
1949
1043
1672
1319
779
1554
652
1725
750
1505
1135
1166
341
790
1331
1957
1885
104
1893
747
1210
1044
1461
1850
805
1583
1888
1313
683
301
645
787
831
1948
564
212
1557
1796
70
384
1032
1946
1414
1103
504
317
1475
574
93
1930
434
155
1608
813
1229
957
1368
1239
1967
1658
1967
1413
853
1005
958
697
997
1866
1436
766
1321
1937
700
559
1689
554
1705
428
759
335
195
715
1903
944
1119
620
143
56
1539
395
1429
560
1811
1707
779
1839
595
669
1256
374
1139
1692
2035
204
1645
399
258
693
930
1596
605
1113
166
98
367
1285
998
1492
1676
1253
73
1106
1602
450
147
707
1279
129
1183
409
925
1531
1845
407
1107
1976
1623
1270
1591
1723
1218
937
1511
1125
1694
1184
1004
1631
1307
829
1313
779
1206
993
387
1925
702
1193
1024
340
48
588
232
162
700
1603
1730
1911
1343
1129
572
863
543
1369
22
723
1696
1127
1448
150
1107
1291
181
1540
1885
168
1329
1892
1895
31
292
1136
241
1324
768
917
194
1203
1626
1575
1456
496
625
1578
176
804
703
1367
1019
382
991
1343
209
1896
2010
1322
1919
0
1193
1939
994
1852
1695
1828
239
620
340
507
358
1798
1651
298
910
757
502
1977
1436
1076
559
1993
1798
1727
1015
508
596
1816
1002
284
635
574
1209
2009
1691
458
1316
806
1946
799
1064
1775
209
1994
88
1008
415
1503
198
1338
1520
829
569
1331
1185
1991
556
1094
1560
1330
199
263
547
1531
82
899
528
81
1431
1251
321
295
1379
1785
151
407
558
720
832
5
443
722
592
1613
1687
1017
427
524
727
1667
888
1845
1982
981
835
1940
1700
1110
1769
919
1278
1319
1697
550
68
1020
1455
876
690
1062
1531
575
102
1726
852
1721
302
1462
684
1035
2043
891
973
1317
1302
1026
1190
1014
266
387
476
1944
1596
1110
1913
1401
1019
136
384
237
1734
1257
1683
1259
931
1814
194
585
503
1679
2035
605
205
653
1137
1019
1456
1622
103
1601
104
746
1827
1512
764
1003
1774
1907
1945
840
1324
523
1168
1331
1398
1467
639
761
1979
993
588
282
917
1920
1261
1328
1679
494
798
931
351
1923
1900
1445
230
977
1911
860
1419
1788
1280
2002
820
1530
1006
194
1061
475
698
1279
971
93
964
1660
768
1078
854
647
669
931
146
718
1981
1936
1048
69
628
1450
687
1997
500
1375
197
46
1873
1144
228
1006
269
1680
633
141
898
1075
1557
44
1673
456
1951
79
265
1979
1786
115
1356
425
2006
49
1202
101
1757
1455
735
356
890
102
221
398
973
1536
760
562
383
1395
422
82
393
679
1448
1395
472
1618
1972
1356
1094
11
1391
1522
1009
330
289
584
135
265
1778
1192
1526
435
1364
66
894
128
1558
305
1220
635
902
1674
1322
1125
1112
1423
34
827
1427
607
632
1780
748
261
366
1021
1504
493
1025
1185
254
1510
1576
890
1624
1654
1331
22
1
1517
178
1705
136
1403
302
185
386
1692
1913
1421
641
368
4
468
1244
1668
844
320
1004
1804
801
761
1533
845
1385
477
1471
404
10
1167
199
325
787
150
1578
1798
1037
144
1187
1378
1524
532
728
813
363
474
1212
1511
998
727
1550
1741
968
671
41
1249
249
1203
684
1006
1857
784
187
1748
1859
1658
1689
1653
1578
1301
1502
929
1149
1397
4
230
1839
1394
356
1846
0
1917
410
177
1464
1664
887
1430
1360
130
1299
1711
1960
1584
66
629
1062
1724
822
1153
1413
1780
502
605
471
413
1666
559
1880
1987
1540
1681
162
315
729
1761
1558
1030
1117
171
4
1120
724
602
277
1085
305
2009
1976
1779
1839
1758
1622
1287
254
631
1628
637
225
385
1487
786
1372
1250
313
1443
1547
355
1617
640
980
961
1629
385
618
88
1285
536
1221
1831
1640
1894
804
1869
2028
1059
724
690
808
1826
1701
1017
259
1791
681
1621
1236
624
150
1390
1135
1076
1649
928
25
1059
1277
951
1930
1010
1311
352
971
1148
80
27
1282
1954
235
605
1775
1210
412
983
1898
124
1652
1658
1792
850
707
923
351
995
645
870
1768
1255
1317
1429
1375
717
40
44
1956
653
1134
1331
1357
571
1536
110
1199
1690
864
1785
312
988
1790
326
765
1201
1037
1508
441
736
286
281
1398
693
623
1086
1047
742
744
159
372
909
802
355
188
1229
1929
1967
846
1376
1790
1972
822
1533
1210
399
359
214
311
778
1297
2014
1728
999
1948
227
1148
1316
430
1001
749
778
498
1739
332
1870
219
1030
1204
974
149
1736
1191
930
1183
1209
951
1156
1174
758
1582
1455
705
189
284
1602
1017
1588
1629
353
101
918
204
1228
1028
468
1696
532
1414
627
1226
691
845
967
671
514
1532
437
1310
130
973
1629
1274
1164
1642
2026
1470
241
1181
2014
322
2001
761
1021
1016
1087
841
68
1547
934
765
1936
620
361
1642
771
1257
875
1818
949
1085
39
1
881
668
1770
45
1683
693
3
411
526
1956
41
92
947
674
1490
