#method=quickcheck
#elapsed_picoseconds=174299000
17
1
1717
1
15
2157
0
225
14
606
144
155
1
471
260
20
518
34
125
1
230
9
63
9
321
1
1406
1
840
171
946
1
90
7
239
83
9
13
1778
17
7
1901
10
265
7
140
201
0
2
82
8
5
1104
8
2235
993
3
10
1
670
1
216
677
15
143
1
1030
14
212
15
2173
30
141
230
0
1
1
0
1415
1273
213
4
1687
295
263
97
1958
198
3
3
100
0
13
1205
242
6
4
1
12
169
938
184
16
90
1
0
76
1948
5
0
1
1
8
11
78
2
301
1345
6
13
82
0
1
0
7
0
16
271
2135
1
271
1316
9
1
1223
14
1
183
1
15
28
0
10
156
13
1
399
13
17
0
138
8
1
224
1040
157
4
1
124
2315
186
0
867
11
1
71
0
14
15
6
6
105
777
1
1664
14
1
1
224
1706
221
1248
12
1
0
12
2
85
119
1573
0
161
1
0
1
253
4
3
218
24
15
5
0
16
45
2
1903
71
1084
273
1
228
8
7
260
114
7
1
721
0
209
119
6
1
264
14
228
1099
186
1
115
0
177
15
8
180
6
0
218
16
0
1917
460
972
59
4
1859
1
1725
61
1
2253
0
682
1
1573
6
68
0
1
0
163
227
249
0
123
224
804
1988
2
15
17
83
0
0
22
229
390
237
109
45
5
203
266
192
126
1
0
16
68
1
1
244
39
573
1276
0
1
83
1924
215
272
200
1265
1
1882
1248
1318
677
1
1576
1
0
4
1
24
5
0
2201
127
119
1891
1
1
2
505
5
1
1141
58
0
29
1267
63
0
18
2298
10
3
601
852
1408
0
2097
1920
186
5
1673
1382
241
586
1438
0
17
22
882
0
11
2128
3
3
1291
1
2215
17
909
1
41
13
0
490
0
292
16
17
10
1
0
156
267
0
205
2
977
6
3
1782
11
607
0
1112
91
1262
230
1
188
23
8
52
819
1842
6
96
1450
176
15
16
27
156
0
12
1466
0
1
116
329
1
133
19
192
160
17
4
15
159
1
225
76
129
14
7
1731
11
0
0
23
0
842
61
133
1
2
178
0
0
1
3
9
1995
1
1313
156
32
0
6
187
222
253
138
12
870
165
1
15
119
17
635
2264
15
4
0
0
1357
11
1941
268
190
1
17
2
0
2217
1795
11
8
832
1
3
0
61
1724
912
16
63
0
7
0
215
34
129
238
1420
13
0
103
9
228
1877
29
1
1636
0
167
1707
1310
13
103
1
1772
0
1
641
1
0
1
2174
921
10
10
100
2283
1
1
1
6
49
1584
1055
237
1758
3
1
1571
172
94
1
1894
8
14
1
241
52
1
264
1
1322
8
14
1
548
260
210
335
10
565
0
13
0
1191
25
1
40
11
0
1586
2
913
2084
46
236
1859
2218
214
152
2
190
1418
240
7
1
3
8
120
3
3
8
0
0
73
8
11
0
5
2102
14
99
14
190
1
775
6
1921
84
59
0
1958
1909
155
1241
5
17
1492
1088
220
17
17
1
13
0
175
1061
0
80
204
118
1
4
1
14
11
0
2
1886
1276
77
95
272
10
219
4
4
2115
0
334
191
0
8
8
47
11
131
1117
0
133
945
301
14
1624
292
168
14
1391
9
42
2147
1
14
471
0
1
813
3
86
17
248
140
16
895
15
15
2182
593
1
12
111
144
1228
15
1
0
1109
237
0
1
1917
1
0
0
0
14
113
103
1
65
8
9
250
15
10
1375
10
1
0
1532
1
130
17
145
11
0
0
606
218
0
1468
13
13
1
16
15
8
6
1
237
1710
96
1
1
12
9
85
15
1083
111
11
1
0
6
10
62
70
16
0
194
17
1285
17
529
11
1
574
115
586
171
961
0
16
29
15
67
1701
0
8
2036
128
0
1907
5
114
9
9
1
16
2039
13
14
1292
3
753
4
1749
2001
0
229
4
51
14
2296
8
220
2308
182
0
202
220
1507
808
3
1
1928
1799
127
6
9
126
1
1
1
207
10
1059
26
2285
1730
87
6
14
10
222
14
5
0
1
1
23
197
0
1914
1647
0
273
63
8
1408
183
1
897
195
14
1528
3
0
294
1
2255
807
0
1
11
104
16
197
15
195
166
7
0
1017
1
263
48
9
1
62
2056
0
6
0
1025
1027
112
778
11
0
28
103
8
55
0
2030
1098
13
12
1565
177
8
1
70
107
9
1114
211
225
3
11
15
0
68
11
1910
17
1
7
1096
13
0
141
1260
154
1209
32
30
56
1824
1
797
1008
42
85
1
12
6
208
1438
1402
10
156
1
6
533
12
10
1
1
301
6
136
0
220
1638
10
15
0
0
186
1
5
16
0
1129
1
0
35
319
0
540
178
18
245
81
30
0
52
222
253
0
1
0
2238
1558
1
3
1
1
136
9
137
165
1
5
