#method=quickcheck
#elapsed_picoseconds=153307000
1107
8
1097
1111
427
915
889
1107
1093
2
1106
12
1051
1053
713
1099
2
446
879
1110
843
1097
1040
1041
5
1099
2
1103
6
10
1111
1084
1076
1104
1041
605
1090
1105
600
933
1061
1082
1084
1108
1110
1107
1099
1106
1056
287
10
13
1081
1110
1109
1098
31
1107
75
4
2
2
887
1066
1099
883
617
1057
1047
1091
907
4
1070
342
575
11
459
984
56
6
1086
551
1042
314
1049
1040
1106
1070
362
1111
1110
15
2
1103
1101
827
23
9
1108
1096
9
723
1100
1045
11
1106
7
623
1108
286
1091
1055
1104
433
1104
671
335
9
1110
1
1066
1069
1105
8
1105
1045
1081
11
6
1109
6
471
1106
185
1107
550
10
939
1111
1053
1077
927
11
1104
1084
9
1099
978
272
5
94
1107
1108
940
1084
1105
1107
1110
1108
8
15
1066
1054
984
439
1066
13
15
2
10
900
1060
1106
1109
1107
7
1109
574
1109
130
1077
739
3
1104
1108
4
1067
1107
1072
15
12
12
1047
2
3
1108
14
14
857
1069
191
1106
10
615
6
15
1107
653
1084
9
155
4
4
1109
1109
2
5
14
1071
894
1107
1
1084
1108
1049
737
831
1102
1105
1110
6
1070
1087
4
645
1111
1038
708
1109
1055
5
1103
1049
1048
3
1044
12
1058
1078
1105
4
886
8
1068
12
5
13
129
73
1088
1109
1104
1109
1090
1024
1073
867
1111
1064
1083
6
0
493
1
721
76
1107
116
1111
319
424
1107
5
1081
12
6
1107
8
667
1090
1109
1030
1093
1094
1109
8
1068
644
1060
940
12
1075
1105
426
153
1110
1108
1080
759
1109
986
1088
641
10
1066
15
15
1108
163
2
0
1075
1105
1009
1054
1040
751
1074
838
1104
8
14
1087
1107
1111
3
1043
915
1106
9
892
1043
1109
1028
1066
1111
948
1109
1109
1070
1106
1
1105
2
1107
5
548
4
1108
5
13
4
1103
666
27
1106
1110
484
1067
1107
1109
2
586
267
1089
1110
217
5
1110
1057
8
1078
11
1041
1054
129
8
14
0
1105
1110
1105
13
254
1055
1094
15
1082
14
1109
1065
1105
11
1100
11
1053
6
1015
1106
612
347
6
85
1110
334
472
1110
12
1104
6
1104
1077
143
1106
683
177
1108
0
1104
76
1103
9
95
1104
1105
1074
1104
1107
1110
1108
1055
3
1108
15
664
6
1105
745
1
5
1108
25
1083
1105
1079
150
15
1108
1104
1101
90
11
1106
1060
1076
1107
1087
633
1074
1100
1042
1106
10
1107
1107
1070
194
1110
1053
1111
1078
9
1050
1054
15
10
1108
1078
1105
1069
10
1042
1106
847
6
10
1081
12
11
4
1111
1079
1073
1110
1070
802
1028
1053
1043
1111
539
1107
13
4
179
1111
1109
1106
1068
14
174
13
1110
4
1
832
3
320
862
11
536
1068
1111
11
0
1107
773
1105
1106
246
1057
1074
1062
1084
202
702
1108
909
543
634
1059
1085
1101
1110
86
1109
1102
270
1041
1061
1
912
1105
11
165
1096
1109
1056
1108
1074
1104
1057
3
1093
1073
118
1061
1108
1111
404
6
15
371
1108
8
318
1111
458
1109
1105
1108
1058
1075
1076
1104
121
11
7
7
5
8
1051
54
1110
1110
3
1103
755
0
1107
1083
982
10
1111
4
1059
256
1067
1109
1106
1041
881
1109
1046
1094
487
1103
1084
6
10
1069
4
997
1105
1057
14
1041
15
571
1045
1098
11
0
776
1107
1108
512
14
1106
5
499
677
891
1088
17
766
1079
14
1107
1070
1110
1106
4
5
1097
1062
8
1054
1044
4
1110
0
1104
1103
1105
5
1079
730
1
1065
1108
15
1109
1
1105
1105
534
1070
9
8
1075
8
1108
321
1108
1107
1048
1097
606
615
1077
1047
7
1057
331
8
1109
5
1108
9
1107
1110
1042
1062
1108
3
1088
374
6
1044
1110
9
11
7
710
1108
1111
1105
1107
85
1047
10
1111
1105
1062
570
201
1108
921
1069
351
1105
15
982
1110
1
15
4
2
949
836
1104
1059
372
762
1048
9
13
1066
773
329
790
771
1061
1089
1111
1096
1107
1105
14
1105
1068
1093
14
299
1110
1084
1098
1059
118
3
1074
7
1080
379
1053
1050
6
1006
1061
15
0
1105
267
1086
683
772
1108
614
1056
956
1102
1109
1063
1049
1087
10
470
1081
681
1104
1105
1089
1094
1084
0
544
91
349
133
1058
972
415
1082
1080
14
1047
1042
1105
1102
6
1080
1107
0
379
944
1110
1111
658
1110
8
1
1076
1108
1110
1047
581
5
1059
1089
1108
1110
531
13
1064
1045
1059
1058
1
1082
9
786
6
4
1062
1104
1041
342
744
1072
848
401
1104
1051
1067
1021
892
660
1106
15
537
1105
1068
778
1088
1091
29
12
1102
8
737
14
1111
1106
346
1108
1076
1106
1108
139
1104
1109
1057
956
369
1108
1106
1106
1091
98
1059
1105
7
1085
1106
1045
13
2
596
1
658
1076
818
1052
1
455
1103
11
5
288
14
1105
1111
1108
3
8
1105
1108
1085
1
9
14
11
117
1
9
8
399
1104
1040
0
3
1106
1085
13
234
1105
1105
4
1108
13
887
1086
1076
5
572
1099
15
1064
13
456
1054
1106
4
1018
1081
5
1111
9
0
1102
4
0
1093
1
836
980
1104
1110
1083
1110
337
1068
1111
1110
1111
965
1078
1110
1
