#method=quickcheck
#elapsed_picoseconds=177142000
1645
184
0
1248
7
1
187
37
11
605
100
1
1805
1308
1439
872
1856
36
1
0
6
1442
11
248
11
1
1
848
1025
0
6
11
10
1711
12
0
0
1629
699
137
9
197
0
5
1019
0
1691
6
71
2
1724
2183
8
14
71
4
2
2183
51
1902
0
1534
747
55
69
2
0
5
15
3
54
0
1
16
53
3
0
1
14
59
1573
348
77
42
14
1598
126
872
6
1
13
0
692
1
1663
1
0
7
2171
1754
1567
7
1
2050
1807
2169
44
25
8
158
0
5
16
238
8
13
0
1
1
107
12
1
0
1148
195
1
33
616
450
1
1884
1
1
93
1
12
1
46
157
0
0
0
130
1085
0
1
12
14
2228
253
15
187
1385
31
1856
1
1
15
225
1356
148
178
0
1097
0
1
3
12
545
452
14
15
136
0
46
1376
1
1817
4
10
36
905
1541
1960
751
16
13
52
1
8
1
1
1
354
0
0
172
269
2
1226
15
1
215
1127
1618
0
0
345
148
11
1506
1060
1226
1633
11
0
221
1322
1479
12
1746
52
0
1
1
1
17
15
1698
538
609
1276
3
9
1220
2011
3
0
95
429
10
575
3
14
573
777
15
1
16
338
135
1
936
175
252
10
2223
3
0
137
100
168
10
1473
201
1201
1629
1941
6
0
0
2
20
15
0
0
16
4
1250
13
0
13
0
1076
0
243
190
8
398
184
1
877
14
71
272
1
273
127
1743
88
48
674
23
1
56
2037
2125
0
1
408
1913
210
237
12
14
14
282
65
193
79
0
654
855
1512
4
16
1
0
14
16
0
1893
1134
60
172
1
114
5
376
1782
5
18
1815
30
266
15
36
1
1
1064
14
2
1778
1
227
232
1
944
0
0
2299
13
1633
69
142
2310
131
710
1710
419
145
89
1
1979
17
1
122
14
1
4
0
60
244
0
5
261
1584
191
1
1
15
66
6
1
1121
394
778
1
0
891
12
7
0
13
648
0
1158
1573
23
1220
337
1754
1
13
1
15
2017
78
0
134
158
759
1470
257
52
12
12
27
114
5
884
5
210
346
2215
203
208
8
65
260
0
207
10
8
1327
5
53
82
141
1461
1
0
2124
0
2287
2150
174
161
16
1844
1696
100
209
930
2013
1947
3
4
1
418
13
1443
35
2182
1
1
0
271
627
1523
44
1005
1
1143
1723
1144
89
344
1423
1
269
8
1
1
5
1112
1095
15
722
11
2
144
3
2186
1
5
1
1152
126
272
0
925
0
1602
256
1803
2
13
1330
582
10
7
2221
1296
73
0
11
141
1
26
1037
1
140
2299
752
11
0
55
1807
0
8
4
1656
0
11
50
233
315
2044
148
14
389
0
0
0
0
1
1
8
1
524
28
15
6
221
1
1396
1
258
419
0
13
0
141
1
7
1
14
1
1
1
266
360
1
1
182
259
16
2200
132
212
7
17
1601
118
15
1
313
1035
1
1940
0
590
1
569
1
1482
1
5
665
1
53
113
4
1
220
20
706
1
40
1970
2156
2016
129
1016
6
1
173
1935
240
253
1522
0
0
5
1131
2232
212
11
87
60
4
450
113
540
218
7
0
11
0
1
1
245
11
5
118
67
165
1
1
373
1
1913
1
61
1392
193
1031
39
0
161
13
28
188
1
27
1209
99
6
0
179
260
5
144
1
2093
8
7
719
2
97
259
195
0
1
1159
782
1
2
1
78
1
2052
193
600
54
0
1
363
328
32
3
1
2
2043
12
0
7
0
16
226
54
1
0
9
364
13
9
1766
198
1
1606
2193
240
78
116
1
164
134
21
0
1
4
591
16
6
12
1935
14
11
59
1054
1
17
0
760
0
259
0
5
85
3
230
9
2
0
8
112
10
255
14
2014
13
1
6
1540
7
1
790
219
1
1
2011
4
1
12
43
0
1499
260
1228
422
6
30
14
0
7
82
1
1230
7
1473
0
0
0
110
10
17
146
2096
271
316
4
127
151
9
81
2263
68
1970
1
584
29
125
1539
0
0
102
1
81
97
0
16
570
0
1799
2239
21
329
9
1224
0
601
1003
6
0
146
321
1023
1223
1
456
1373
1
1998
0
6
9
22
6
106
1
225
1
124
2298
491
611
80
1822
1
149
92
1193
1605
1488
7
1
3
1651
127
10
1
169
0
676
0
3
11
37
148
1
2304
260
17
1
1047
1
9
75
5
4
2111
1
79
1
872
1399
0
1755
12
193
1
185
8
240
0
14
1604
10
0
1
5
12
89
8
133
234
14
218
17
250
16
2057
237
2017
6
269
12
160
1
237
165
8
8
89
334
259
796
801
185
1965
987
4
165
228
5
251
268
1
0
5
1
106
687
11
43
17
14
355
0
1
517
235
0
17
1067
7
240
873
115
1
11
16
0
1090
14
38
457
0
225
4
605
4
438
44
111
9
9
15
