#method=quickcheck
#elapsed_picoseconds=223271000
15
7
1106
288
1109
1109
1110
10
1079
4
1071
1109
1110
5
1079
793
1107
3
1098
170
1064
1064
1103
192
1050
594
486
1108
1110
1105
251
1100
1107
1110
2
1087
1085
1090
10
43
3
5
160
1107
817
546
1104
1068
1104
1061
1060
330
1110
1104
1082
12
1110
1078
1108
803
15
2
1109
1085
169
1077
410
1104
575
1
1060
12
380
262
309
1072
9
13
342
1053
1072
1077
1090
1110
9
1062
13
1107
12
1097
3
933
13
1107
26
979
728
1097
723
13
1056
1111
1086
1111
3
366
10
223
1
1068
611
6
1080
1110
98
1097
683
8
1104
1
1104
1050
14
1108
538
5
1044
1107
1108
5
1107
1108
2
174
7
833
4
4
819
503
8
681
1109
1052
6
1104
1110
1087
1105
1107
14
1106
1106
1075
918
1106
1107
633
1053
83
1111
800
1105
562
1098
1109
1111
1077
1090
1100
1107
3
206
1031
1107
1046
1045
1103
1083
1110
1080
473
15
1110
850
6
1107
1052
1044
1111
1106
1040
1079
2
1070
1069
1105
6
1107
1108
813
1110
1053
15
521
340
63
0
1107
1047
657
5
305
1040
1040
1005
8
990
1106
1059
630
15
666
765
792
1043
1110
180
1109
1108
11
274
1102
1057
8
1078
1111
11
1104
1105
1107
554
1110
9
824
1060
457
4
1047
1104
1046
1104
804
1096
1108
1104
0
7
1111
139
1042
599
1
11
991
1107
3
1110
1106
232
1107
0
1104
1098
1080
12
1104
371
1099
1104
8
1098
14
573
272
1106
7
1049
1107
5
135
527
1110
554
1104
1108
1106
626
12
1107
728
1074
913
1070
14
1047
6
1071
11
7
12
1109
1109
1076
19
1054
1043
1104
344
1063
543
1058
615
10
254
8
1087
1071
13
1109
5
0
1073
1104
1048
1069
716
15
3
1109
1110
1101
1109
1106
1108
141
1107
4
1067
15
3
1105
1087
196
23
805
343
70
1089
4
1108
13
8
2
1075
971
1090
4
1109
10
74
302
1109
0
11
12
1108
1049
1106
1042
1111
452
1106
1105
7
603
9
3
8
876
1104
82
17
11
1075
15
1095
11
1051
1076
14
1105
939
11
1111
9
1107
1108
1110
1095
1078
1098
266
528
328
633
124
614
472
5
7
1102
1109
203
1049
105
157
9
1080
1109
162
1106
895
1076
144
14
214
812
12
11
1047
2
8
280
1106
6
8
1106
107
1107
13
1
1049
1074
1093
5
3
4
229
10
1033
1081
15
10
13
1106
6
1106
0
1059
3
2
1109
1105
11
1109
1109
1106
1054
1105
1105
5
931
1055
11
1100
1085
1104
6
7
1110
809
1109
1058
1102
1069
1107
1071
4
1042
1087
1106
1087
8
11
119
2
60
8
10
1105
1106
1105
581
666
1057
1104
9
1059
9
91
1054
14
1041
231
918
1058
60
1107
1105
1040
1106
1109
4
1052
1049
936
1064
18
1111
1105
814
834
3
1056
0
1105
1075
1104
1075
14
4
15
1046
14
1086
3
483
1043
1
1106
12
5
600
1105
191
1110
703
14
15
1111
1110
1
4
1105
1107
1047
1108
1055
1105
748
382
538
596
2
439
1110
76
1107
6
2
13
949
265
1109
1061
1
1083
1106
13
11
1063
13
1096
5
173
300
1096
1111
747
1081
1086
1111
1093
1086
1087
362
2
6
1111
1074
245
7
334
833
293
1108
1104
1108
665
97
1107
6
1107
1110
1060
1053
1104
420
1105
1062
1084
1105
1061
1058
1051
1058
0
9
1109
11
1067
1075
385
11
311
1109
497
933
1106
11
132
1042
1056
794
4
1059
1106
1110
476
1057
925
1105
1
1111
1103
1057
1102
1070
788
1105
1105
1075
1069
210
366
433
524
1105
1106
1104
1108
12
1086
1109
718
12
4
1063
1110
1079
895
442
10
1078
71
184
1067
680
1026
83
1048
1061
8
14
1098
2
1052
11
1111
1094
4
1085
1107
1110
542
1105
6
7
1111
13
1077
1058
473
1090
1107
490
9
1110
1110
1104
1096
1057
107
1072
646
1107
1109
771
8
84
1108
1099
0
962
1076
1049
14
1108
12
851
2
568
9
3
1101
640
4
7
1035
1045
1072
1055
212
1075
108
0
1047
1053
10
1107
10
1110
9
15
982
1104
1055
53
1051
1044
1087
14
634
4
1041
1069
956
4
1103
274
4
742
5
0
1111
765
1040
225
1056
1072
1110
6
3
1052
3
190
1051
15
1068
234
11
5
1066
2
1023
436
1043
9
322
5
1097
1111
1058
537
9
1105
366
7
1057
1079
1095
10
11
1059
10
1067
643
10
8
14
1070
12
11
1107
1110
1106
1059
636
1073
1071
1105
4
513
1064
1109
1109
1006
0
687
6
1106
1076
660
14
1109
1065
1051
1052
88
460
1105
12
1078
10
1101
671
1109
240
1089
1060
737
11
1074
1059
14
1108
438
396
399
105
1111
1105
1109
1047
95
1095
1061
4
1108
617
175
1107
10
8
11
13
10
4
1109
1108
1067
0
1096
1097
1053
705
1057
839
7
1069
1107
1092
1104
778
12
368
675
1104
243
1078
12
1110
1074
1104
1108
999
419
1087
1111
1088
998
5
554
197
1058
1049
1110
1060
1083
1083
983
871
1092
1101
1109
557
1109
66
1099
321
1084
11
1105
6
1110
1064
359
1105
390
1106
499
15
1078
645
1109
15
13
1104
11
906
1104
1108
1111
1110
1051
3
451
771
704
