#method=quickcheck
#elapsed_picoseconds=197794000
52
825
1953
759
1364
398
248
526
1717
1553
204
198
1001
1590
232
72
230
1412
751
1961
929
1320
1426
1333
400
1303
1330
1932
1239
1651
1275
797
1783
469
67
806
1307
506
1263
871
1489
1781
1355
1109
1467
1917
1326
153
460
1058
1895
626
118
407
731
40
1755
1298
331
1320
565
557
1328
1223
432
1956
1368
1343
1401
1298
774
656
491
1454
1261
251
1117
1617
101
791
844
745
1380
575
1164
262
1135
388
1319
1040
136
1000
52
1314
284
137
846
2022
524
1282
861
1323
1663
811
996
1315
1764
1580
1788
2022
1955
585
1736
1995
1969
209
654
442
342
1480
873
267
1157
1855
923
1509
1088
1760
924
169
689
1479
738
412
1904
1382
873
87
1004
421
327
533
763
2021
1245
381
785
825
491
524
1264
1404
446
1819
1981
875
1604
95
1600
1893
1533
1748
5
630
1910
1959
1950
381
1332
68
361
219
349
1989
1672
181
1223
1943
1569
1021
957
1957
834
339
176
1010
598
1041
1164
1155
1782
1112
379
439
1260
1814
641
1778
1123
979
617
1336
1700
1389
747
697
2007
676
1437
294
653
2034
676
759
803
1859
1202
1388
593
152
1335
1627
1127
78
1361
1602
1961
2038
1999
685
365
1305
1400
945
1891
898
1339
729
211
1409
573
685
1390
1274
1876
1157
979
668
956
158
1684
648
1686
167
1527
281
1010
1198
954
758
1860
1397
118
1493
1055
620
938
1954
1014
1907
105
1662
17
1427
1180
1375
576
1354
1213
1489
74
347
651
440
740
247
386
1354
1986
78
1388
1821
1377
1720
491
72
1400
1552
952
902
1985
550
1924
28
1210
244
1078
59
1626
321
1277
243
319
1774
1757
723
883
1145
412
854
762
921
640
1747
2004
693
1571
1800
75
1154
734
631
500
913
442
1004
480
325
1224
1203
1242
1450
626
1632
1566
1089
590
19
369
1381
1391
1135
1412
1985
481
1149
1371
321
1208
2035
1009
4
591
199
801
1816
1634
1180
185
1840
303
2002
796
67
477
1187
906
924
752
1205
308
1892
464
81
1390
1937
276
593
530
866
160
566
1786
1993
1031
258
1041
234
768
992
415
249
395
640
685
1710
1415
1696
1099
296
798
1313
1779
615
815
271
109
122
1616
1246
514
1505
878
1689
227
781
1503
1770
149
1959
1494
428
127
506
1597
769
1855
73
998
361
524
1944
348
1310
812
159
1007
1146
575
365
691
1958
1880
133
2043
1523
183
580
573
784
1724
1657
140
464
1004
254
598
1386
1645
37
261
1610
1623
1711
1277
945
665
1086
1779
1727
124
250
1243
23
1944
785
404
960
172
1015
1262
824
531
505
1752
1941
674
1382
900
1027
1055
406
882
391
1489
540
21
593
518
753
790
902
699
1276
1574
647
1662
237
541
857
992
846
548
1381
625
1819
1023
951
758
904
666
1671
1667
1767
847
287
1883
1031
379
1380
1799
1528
1169
222
1362
217
874
1563
1503
1608
801
1431
1708
581
914
1049
277
980
795
1629
1839
1165
211
1467
1823
448
1531
1151
1016
1197
502
1224
1426
1273
1231
1772
605
971
862
634
706
743
358
219
1777
1718
125
286
1287
1530
1360
503
315
1987
1634
1346
33
1039
352
1527
669
1638
929
1312
1482
766
1159
393
1559
994
65
102
987
1826
39
669
1028
1621
2030
993
1159
648
699
1878
1624
211
1204
1687
1278
1227
930
1636
1401
1354
872
532
900
1924
1913
705
604
1545
1820
439
673
2016
1225
1050
1746
87
1611
64
846
714
785
1984
1250
975
628
1912
590
1022
899
1500
973
942
1244
1706
276
1553
1699
934
1427
133
956
343
1098
1432
667
426
1065
630
394
781
1153
1488
1861
1739
1808
1956
1037
1906
1888
1597
1438
507
929
404
14
463
575
1237
475
885
602
995
1550
1865
1269
997
1254
251
131
1275
124
531
141
1788
1189
843
1871
1485
1522
169
712
1708
320
1205
1351
1782
1487
121
739
131
497
716
1462
1143
1156
1687
1579
594
1592
230
2005
198
660
395
776
1712
1779
1183
1746
205
1341
1035
1493
1018
401
1382
1774
1535
10
1131
1557
1040
1011
1756
1329
1982
688
1924
1135
192
434
171
403
1369
1963
811
1191
340
1940
229
1634
1343
985
171
639
189
880
1824
1770
1893
41
579
1102
1996
650
94
2023
1402
57
82
773
1279
1404
1024
1316
1258
1747
276
1084
1464
221
733
1230
311
644
337
1255
374
1249
1924
539
1413
891
385
1898
1216
2012
571
1871
1957
858
794
1845
1429
1417
1990
1827
15
303
1806
1845
438
1487
2041
515
851
1644
1913
1719
160
1708
1203
505
945
1633
466
1930
605
822
1442
605
1072
272
1198
952
65
1848
1361
31
1007
1518
657
223
913
1196
1605
1804
934
217
1041
302
399
1104
1994
1406
1473
99
1089
289
948
1707
998
127
1165
1989
1975
1401
1746
818
698
1938
678
1936
668
1483
315
309
66
404
109
1874
592
1254
1255
470
1597
169
225
120
885
9
1985
889
104
1084
655
1948
622
1325
1730
190
865
1474
1882
1830
1472
349
1326
37
997
1465
1720
348
489
948
617
1902
478
1186
1195
1500
1236
567
1434
1996
1899
1584
1997
514
366
1458
1731
1015
490
1330
384
290
1503
273
1684
528
1569
114
315
799
1892
492
776
1869
1098
1995
1198
1266
1038
195
1328
1924
964
409
979
733
1074
1585
729
1485
1579
