#method=quickcheck
#elapsed_picoseconds=186556000
262
7
262
6
1172
1
1
1793
72
0
0
175
0
0
2137
0
260
175
0
2202
256
1
672
1
1
7
86
11
1
0
0
148
631
0
2
6
13
7
734
711
16
1042
143
12
2184
1
74
0
4
54
1464
6
3
48
2
105
82
8
1
16
2269
196
1897
131
339
227
1
1639
586
1
1
53
0
1
13
12
1
1
143
4
2150
118
4
169
305
0
13
2111
143
13
9
9
16
0
1172
1
2299
182
2257
481
3
1181
12
1299
1
179
27
313
1678
110
558
0
8
2
2287
1
2240
244
0
952
1
156
1197
114
1
0
0
1983
780
11
21
1
189
151
0
98
1065
6
572
8
240
152
1564
1
1778
1
12
17
1
5
5
107
193
5
1
436
1400
0
76
1
1
1426
1715
1
1
3
300
0
1077
0
42
0
1
794
8
5
838
2
99
10
0
1193
932
2020
161
331
964
132
1
0
1153
186
129
179
123
13
6
170
1305
4
1907
316
102
1658
226
0
0
164
1
132
8
0
17
48
93
61
0
241
1
106
3
4
251
279
562
1444
1720
1
2093
0
248
1
2
146
164
972
8
149
290
0
9
0
2121
2
16
1
54
295
2007
135
1
12
4
230
16
9
1
191
194
0
0
264
883
1
1268
13
0
138
0
1
184
2212
1878
1
155
192
2075
0
1683
1418
1356
971
0
5
66
1
9
60
786
914
17
46
1803
59
883
59
170
1
1
0
811
247
66
143
1
322
1398
17
1
4
0
3
1
66
150
613
7
151
156
176
44
1937
16
8
833
1
0
1908
15
191
173
82
0
352
181
90
166
160
3
11
107
0
378
8
59
13
4
9
0
11
235
161
1
2055
266
1851
20
1
258
270
240
12
14
212
1
250
1
0
83
17
0
1
2209
381
1
0
190
672
74
1
722
12
15
5
1
235
68
3
195
13
10
97
1598
936
252
1
0
1187
0
0
5
144
1
38
1996
14
21
13
8
16
145
120
2052
50
11
1
441
1452
1
185
79
52
177
1649
0
10
2
1637
428
15
65
11
38
0
886
9
0
172
1
272
2
15
2082
86
0
105
7
8
227
0
3
0
9
76
173
17
28
202
1612
0
7
259
795
7
56
6
189
11
123
159
8
100
1039
1651
0
1735
0
6
246
0
2
3
15
428
17
0
349
1
1
0
7
67
2
16
1
17
87
0
709
1303
1
14
1015
1723
1063
2313
1
0
530
0
0
0
2078
10
240
995
8
229
0
804
236
16
0
0
86
9
121
17
2026
0
2226
36
14
0
7
17
0
247
16
207
76
6
1
0
174
1796
12
188
0
1
1650
11
244
4
1
11
0
11
16
1578
13
183
154
2226
11
1
1514
17
2
0
1190
428
9
0
1920
236
137
1871
79
203
1
112
1914
0
1
1
205
269
707
6
0
997
1
216
0
192
8
44
0
266
32
735
7
41
817
2315
3
14
0
15
13
1284
8
17
0
553
127
178
1
1520
126
8
1951
268
3
1655
14
195
0
12
17
0
4
24
6
0
11
0
0
150
1
3
235
1
810
0
1687
1
1865
73
14
3
10
206
2
1
1785
1984
1178
249
71
0
90
1368
15
13
2197
0
4
220
2281
0
6
0
1480
7
0
0
53
986
1054
0
13
117
984
13
7
0
8
1
266
0
173
1486
1582
1440
2093
532
16
1158
259
3
1933
189
0
25
48
151
1940
0
272
0
1611
10
171
177
160
44
0
13
14
611
10
14
49
9
525
442
141
1969
1976
18
2235
0
1
1361
9
776
457
812
1504
15
1
13
1757
2073
2
1
1
755
467
0
206
254
17
12
1
876
59
17
0
1794
7
1090
1
1
973
1
1
1
0
154
0
188
5
8
607
230
5
2
0
1
834
0
989
1881
809
15
1
1
66
1
2051
1553
143
6
154
980
51
810
0
2304
0
112
1127
7
1334
1037
129
221
36
777
0
75
1801
8
0
11
258
82
10
169
44
4
68
140
0
70
11
834
3
124
14
1964
1
0
825
14
49
0
2096
2201
0
924
173
1
1319
17
268
1387
1708
1
126
255
725
206
10
65
13
0
1151
14
0
0
249
2188
1
16
5
12
255
157
0
0
16
11
1089
1430
211
0
8
212
1573
2
12
155
1
2130
112
0
1927
1
0
1
155
287
1102
4
0
11
747
0
1899
6
1964
0
2057
5
1351
403
37
224
0
2094
573
1
32
1382
124
1810
135
13
1951
1
14
1548
0
14
66
2281
11
203
1
258
8
0
210
2011
1
1
38
1
8
1827
380
1
1
793
3
55
29
1
0
0
254
1
228
467
1
16
5
8
1006
2
205
1
0
1139
607
1162
54
1942
1
0
517
154
81
15
184
0
924
325
0
11
226
5
0
0
176
0
1590
3
0
1
882
0
5
167
1834
0
