#method=quickcheck
#elapsed_picoseconds=222470000
129
5
17
16
2298
10
94
5
1527
1333
3
1404
1
52
12
12
1553
2022
8
1864
231
17
324
139
6
1
0
0
6
1962
159
235
1822
404
128
1103
0
2312
17
1
7
13
0
13
2135
0
477
17
0
0
12
0
60
1439
1
1672
1645
694
269
0
2197
1071
1019
12
1395
123
229
15
0
1210
5
11
1
17
92
70
0
152
15
0
207
0
1
1
9
1
1037
16
0
90
1
11
0
12
244
0
1
1040
268
9
1559
1639
0
2037
999
0
4
0
67
7
4
1656
39
0
73
1
1920
9
13
1
535
188
10
12
0
1
383
162
0
0
3
1279
16
8
21
0
1444
11
1
12
1
63
88
483
1873
1191
0
1269
264
12
814
1
0
1
1995
8
103
3
75
12
11
8
14
8
1
9
15
1
1
1
8
1928
9
289
1867
186
1
397
1131
749
497
26
1
1
1878
49
2
90
7
10
1
16
134
104
1193
2
30
37
312
1
1868
946
1084
457
283
15
5
6
16
1
3
193
7
0
163
10
2200
1298
7
7
1
15
1
12
0
1491
2011
10
1
0
6
0
0
0
181
13
1
3
248
636
0
98
123
5
13
2
104
10
2
29
309
4
13
2090
1
0
1123
1
3
109
0
2272
13
49
176
1
17
2071
211
30
1
10
1
876
48
267
0
0
8
2137
4
619
150
6
165
0
16
15
1
1
6
590
16
187
1
0
0
2051
174
0
23
0
16
215
215
532
13
0
89
176
1
648
1951
15
249
14
149
1396
1
1590
0
202
7
16
0
4
1451
1
4
237
12
0
16
1801
22
2226
25
182
1
1336
103
156
0
103
229
2026
0
0
34
1
2243
12
1632
1
14
0
6
15
12
1
6
17
15
89
101
0
1
1
24
50
7
108
1
14
257
159
1
20
2004
2
1906
2002
16
1173
0
1
175
148
15
12
1
2264
5
148
6
0
86
65
59
14
5
1423
0
16
147
591
1883
6
480
215
17
347
352
213
10
217
12
4
7
1
1
1
104
98
6
29
136
225
1
1590
240
0
1
6
1
3
1
5
5
1
1343
1
277
0
446
1629
14
1704
194
1721
4
2267
0
253
1
8
1
169
1
10
8
1396
259
169
15
1104
15
1189
0
11
4
1916
8
1
970
11
0
12
189
1952
14
0
8
15
8
153
15
272
474
1590
16
0
1
122
2242
7
0
1423
502
64
5
401
14
268
1465
77
232
579
0
1
80
131
233
354
175
1
145
1803
1
101
246
0
0
227
0
17
10
4
256
57
1574
1
216
0
1897
1
3
136
6
198
5
4
224
246
0
1
971
959
13
1
6
11
2
1
238
13
11
6
0
1
212
17
192
137
1
16
22
161
5
1599
210
96
3
411
13
5
0
1316
85
12
15
2185
2174
1
1931
2149
89
1651
0
14
121
1
2055
16
240
7
415
2217
143
75
1383
438
206
15
0
2102
1
148
1
15
4
219
237
7
1649
5
316
187
730
1
231
5
2039
629
86
1
1939
1
1
14
11
9
169
4
17
1
1
4
0
81
70
0
2
596
0
0
3
0
61
204
111
5
17
1367
9
1206
1767
1
1
2279
0
8
12
1
14
12
197
217
1
1739
13
0
513
1
6
199
1296
1
239
1
223
242
3
1
918
4
20
15
1919
7
188
8
1
91
1775
52
8
1
1637
190
173
822
0
176
2083
252
1077
6
0
168
1036
1253
1
9
229
62
398
1
163
4
823
7
154
16
0
50
11
1913
1
7
1
2013
0
0
1
1
0
0
2240
89
158
15
67
15
1
5
0
951
1919
0
179
819
186
7
13
15
1
273
17
3
450
103
131
1
636
185
0
0
483
13
0
12
2293
0
2
0
7
135
12
17
75
1
155
137
1616
125
29
1449
25
102
1930
12
2099
86
17
315
904
8
240
1
107
202
0
8
716
1
17
10
4
87
0
1319
508
238
171
2
551
589
2
81
1
11
1294
75
186
2
1
2140
0
0
2
1
1
1
209
8
1317
563
1
0
58
13
45
192
4
7
1
12
175
13
1420
516
1625
10
39
154
1369
2160
222
133
100
1
886
2201
1
1912
0
248
125
0
6
7
6
249
15
0
8
164
12
0
1
1
270
76
2282
267
12
96
609
0
1713
15
176
9
108
1847
14
1346
431
134
223
271
113
1
1319
242
99
4
1586
5
0
1431
130
0
0
140
14
11
1829
0
1135
181
1156
13
1789
1550
330
125
3
4
8
220
3
2201
890
96
0
89
1975
2176
1
54
80
1451
27
219
2
522
0
1211
1429
124
3
8
20
5
13
968
201
55
99
64
849
266
1
0
1667
12
7
2052
0
6
206
263
10
249
0
633
72
15
19
113
828
9
1
1260
0
1
732
129
1127
1
0
1419
2173
1
217
13
3
1
