#method=quickcheck
#elapsed_picoseconds=232595000
6275
3601
1161
49
4161
335
77
2404
740
26
5006
3492
5
954
6277
112
6282
6275
6284
6286
3303
6279
71
72
44
2179
6279
33
1962
63
6285
6236
3941
754
77
47
1033
6167
6279
4496
2528
53
2387
6276
3235
3367
101
4432
72
2507
1301
4652
6278
5840
6282
6277
961
5041
1536
1353
4447
2784
4631
53
29
843
4895
3261
6274
1044
105
84
5852
4717
6272
4832
3367
6019
6287
6272
107
124
247
5555
6278
1188
14
5631
100
15
6274
6273
106
2999
4943
1243
4576
88
880
127
57
2666
835
5746
4282
1425
10
3379
2867
6284
54
6276
879
4705
5578
4628
70
6274
3949
1614
1017
6272
4308
1851
31
6283
2819
675
6287
5406
6272
6277
99
881
6283
86
5010
916
1079
6280
6284
4228
12
6284
1061
1883
614
1510
1933
13
2614
138
117
116
608
6285
3555
51
6276
84
291
52
6177
215
1238
83
6279
195
6286
6281
6040
4958
28
3928
5504
102
98
4176
1462
108
5838
3155
8
622
1899
6277
85
6285
41
6283
77
2076
6272
515
11
26
193
15
6286
5323
46
6275
6285
11
2744
2097
4642
5847
754
3680
3582
78
2798
143
1021
41
5280
6278
163
6276
3342
2141
1574
6277
6281
1005
798
12
301
2181
6276
22
126
3792
2336
2066
3685
3683
2812
6287
6273
4052
6283
23
6278
6277
33
4680
4678
5197
1635
87
5766
3831
6278
80
4818
73
4391
6280
6287
1497
279
5822
1518
1735
40
1904
66
4827
6279
6287
269
6286
74
243
1273
1702
13
126
3675
110
814
1183
6280
743
4206
6274
6275
6286
6274
2523
567
183
87
403
2083
477
6286
55
6277
2618
39
698
434
6146
117
5918
93
4545
5516
127
4180
1837
1143
104
64
45
1108
116
6280
59
58
6273
4624
1283
5443
935
6281
57
61
6281
43
70
70
39
6277
3192
86
6274
6285
6185
3122
6285
6284
3148
335
4605
6284
6287
23
6280
1784
6091
6276
10
5663
5586
83
32
4067
1321
61
106
6276
5907
78
285
83
6282
3053
426
9
6285
16
6287
1442
1491
4508
6287
885
41
82
87
6276
67
6285
6282
5986
3777
53
4226
6274
4601
6283
1543
693
6280
13
2285
5046
4
3439
6285
1580
127
6286
3207
1564
59
4027
2147
6277
6274
4652
4637
68
2119
5014
6274
3371
6280
1310
5735
3222
6286
106
1066
1492
3137
112
6287
20
71
4686
1371
1155
46
6285
1236
4346
52
115
24
58
4704
726
98
517
6281
409
3934
2804
106
224
875
6281
6283
41
4743
6282
6177
83
3335
69
6280
6272
6276
113
4
6274
5736
23
49
90
16
4581
4059
1994
307
4760
6287
6274
5653
1021
4907
26
123
264
5377
6278
6284
645
94
2513
115
4450
3819
1269
172
1285
99
2014
4542
5801
116
6287
6286
2087
6272
80
5011
6278
2
294
1950
3207
1583
6277
5
1415
4887
963
6285
1501
6287
6282
5122
450
82
1777
1718
6283
118
378
4562
107
378
6287
104
4838
1883
6281
5991
6285
2
6272
6281
4916
6286
154
2528
17
44
6281
1124
1517
104
592
5723
6283
1624
510
6280
105
5199
91
1811
6277
6284
65
6284
3246
6285
25
3634
4926
6276
23
6275
1375
1664
3828
82
1558
1886
6276
6281
476
108
5259
1228
706
4040
1939
5418
223
5734
1984
15
52
10
6276
2833
4533
1827
63
26
3204
4504
1623
1583
87
3600
2374
2003
4327
6284
3586
3867
6281
149
6287
1877
3920
1478
678
115
6284
6279
53
1998
3336
6287
6272
59
3567
6277
1338
671
6280
4984
3092
4
53
5589
125
5985
3055
1525
6278
6272
6278
2710
6279
2941
3244
629
6287
112
6274
3732
1137
3462
2293
5095
100
448
77
2937
232
5279
1591
1172
960
3653
66
81
6276
6275
928
15
2030
2853
6285
1658
6287
4801
1583
2125
6282
1026
60
5400
446
565
6282
2164
122
79
92
6287
44
734
6280
4186
6277
5093
6283
2853
82
6274
1616
1083
31
6279
815
112
6282
1073
6279
1556
50
6272
3880
39
6287
5967
4454
951
6283
6273
6278
107
6285
19
4743
1495
5
76
2968
2653
111
1919
97
6275
4029
6273
35
27
3463
25
6275
6282
2786
35
13
240
720
6272
1884
133
4197
6281
9
1344
5680
1929
6277
2175
4452
3902
49
54
5444
902
4826
6274
4691
470
62
6286
5977
197
6287
3906
721
79
19
599
930
592
0
816
6274
6273
556
2976
6273
6281
6276
676
79
6285
6287
31
6275
5881
6285
441
1605
11
3421
2290
13
6277
6284
5598
1815
5311
5161
6280
557
1289
3073
18
5899
6277
6275
1180
6281
6278
90
2058
26
938
121
3676
1297
6285
2683
2014
4929
71
4554
6274
62
6281
1641
6287
3082
323
3280
6275
1697
1759
64
1359
105
123
311
4055
3364
6283
5875
6287
1143
3682
2792
920
6055
84
5275
1601
1086
6279
3640
14
6280
1539
6277
6281
6282
3410
852
1748
959
6278
5544
38
1534
941
5654
5456
6282
6280
96
1937
6283
100
1942
6286
113
4281
107
32
738
6285
78
89
31
841
6286
4235
6276
6279
32
27
6279
3974
6278
5887
89
3133
6281
4975
4
1285
6287
6287
19
53
3683
1199
86
6283
116
661
1577
90
104
2213
6277
31
3348
4925
3397
6282
3931
6286
213
1600
92
6277
6274
2153
122
1368
6287
6284
5959
64
6272
108
6286
1691
785
1138
586
39
80
112
429
6272
1091
6287
6283
1799
2534
1892
3110
666
48
1727
542
65
1173
1296
4884
122
2
1521
3948
87
5024
124
1931
6278
47
5902
