#method=quickcheck
#elapsed_picoseconds=191484000
67
1914
296
34
2445
2492
357
650
125
263
2363
2487
99
72
2229
2191
2449
228
888
9
2186
79
98
2460
1567
31
2440
2277
1069
83
106
2179
83
1139
2355
2296
620
123
2490
2436
83
2375
700
125
1282
127
2440
2277
2481
2453
933
48
126
2441
37
1662
76
382
120
1878
2136
2247
2268
2234
2318
2426
93
84
2245
104
2459
72
1516
396
2469
2034
1005
2266
588
2181
2473
91
2481
2253
1581
2055
2390
57
2451
1935
1562
41
108
466
242
2450
2374
1615
723
35
510
67
2181
2436
2409
452
3
2266
1087
2460
2395
2346
1403
2480
1317
2440
2008
2390
2176
2446
56
2347
2296
46
47
2019
116
8
2266
1612
1105
666
2199
1160
100
2078
2444
18
1358
1719
124
1515
90
2435
2485
1694
2417
32
1004
709
26
2439
2261
2312
2433
1192
1011
2466
95
2258
2483
2477
1251
2482
2432
96
2474
2428
2454
2269
2444
2246
2397
2479
52
16
2475
579
53
39
1346
1399
2329
16
23
2142
2353
2366
380
1900
1348
72
1431
27
1985
2299
1448
2190
57
2274
2470
532
2473
2449
777
2459
577
2177
664
957
25
2386
2328
2233
119
8
26
2392
54
2324
2437
2370
2484
2483
2450
2480
2372
25
81
63
2480
10
264
63
2301
2320
2284
761
6
2295
2179
49
2353
27
2490
2372
337
2433
2332
2468
2491
2482
34
1856
10
2245
2308
46
2009
1519
2470
2288
2454
2467
647
22
2310
2446
121
1375
2365
2494
2434
2466
2328
595
2066
2210
56
0
305
2432
2216
34
2463
2378
2421
36
1746
2444
113
2281
1835
20
112
2439
115
365
37
2369
56
73
2454
2292
2419
2368
2483
2459
82
103
2238
112
1340
2487
2466
2446
34
50
83
2416
2313
2430
605
19
2469
497
170
2459
2062
2059
2434
2467
2460
913
10
61
32
114
133
21
883
2477
89
1693
87
2358
2179
72
1325
2360
2480
2297
1682
2198
127
2299
2443
762
2441
2392
2479
1930
1387
2449
59
2202
2353
841
2490
94
2184
151
2409
41
29
2477
2372
54
2327
58
2414
401
853
2279
424
38
1181
343
1665
1091
2227
2493
2443
118
2472
78
2432
115
102
1845
1831
2460
2481
105
2279
2350
2402
1326
2350
2471
33
2176
2377
2438
2323
2204
2459
2465
68
2463
2470
78
31
30
88
2482
2456
10
2296
2291
2434
2469
2271
2267
1881
2233
1517
555
1198
2196
2187
1924
2229
2307
38
2225
2453
93
75
2163
2241
92
603
2440
49
2488
2433
1139
254
2200
2375
2221
2258
150
2437
2455
1493
2034
114
483
1787
2231
2254
2260
50
2480
1695
602
2367
100
2186
1267
36
2464
2475
669
2265
30
880
2455
2454
45
2379
34
4
1309
2276
121
2469
1628
16
112
1775
71
2183
2261
2477
2441
1000
2260
745
2450
106
2491
2463
5
2240
2413
1519
2188
2448
502
1293
2230
2399
2470
2447
0
2423
2299
77
29
2216
1968
2254
2493
2461
2335
2450
2470
1799
56
121
99
2489
2141
44
1859
2389
1475
2187
2438
57
2447
2446
2459
72
2473
2187
2484
2441
85
2374
259
2411
2480
60
2441
2104
2454
2066
65
2301
13
1595
68
2450
91
2247
87
2446
7
54
2330
2244
1158
2408
2489
537
46
2179
2473
86
27
26
58
4
2492
2479
2391
2285
2386
2466
2458
2197
75
2483
407
1242
718
4
672
2458
2475
2432
107
2056
2324
2
30
2453
2195
80
101
146
45
2206
2445
98
2465
2486
2241
2382
2179
2371
2376
2491
2475
2494
2395
2320
790
2290
2433
2339
2447
127
2267
27
2287
2210
882
2485
2479
1480
84
2254
2488
2476
2453
2163
2222
98
236
2464
2459
145
2261
2187
2289
2455
1138
1824
2472
2495
116
2204
2485
2437
2250
2233
653
72
109
2219
104
2466
2326
2462
2268
97
792
2471
1943
1774
848
2458
2386
16
2492
69
70
58
2482
2188
2350
1308
2420
584
2183
945
2271
644
96
2282
2493
219
2248
2285
2397
1284
1211
401
2291
2186
2462
1268
2196
1247
89
13
2328
54
883
107
2364
367
2306
101
83
252
2393
896
73
2319
2232
61
51
115
2302
2415
698
2454
109
938
330
62
87
1021
1640
8
2230
721
28
2322
2434
672
2454
1777
77
449
5
109
2306
2493
1945
65
116
98
105
2447
1872
754
1317
2444
2432
2398
2330
26
2300
2459
873
32
871
2414
2413
1788
2439
2331
2181
946
2493
111
2295
2476
2347
2424
2466
95
2242
1773
2444
2454
2488
852
2387
2428
899
34
855
2455
102
2447
84
695
1130
960
2361
124
2234
110
2281
2177
2295
110
45
2446
2266
2187
33
361
2488
2276
1608
2396
2434
2449
2441
2474
501
678
74
540
759
2433
313
491
15
2258
2459
2472
68
53
1723
50
47
60
2400
125
376
140
2292
39
110
86
2353
2375
2398
2198
126
2482
796
118
816
645
2452
2208
621
2420
2407
2435
87
2473
2432
1833
268
735
2489
2468
1954
2400
2495
111
2433
1982
2470
2379
114
2476
1878
102
1238
2263
2470
122
2217
2303
2455
2429
2380
49
323
2460
57
833
976
2460
2488
9
2460
2470
2192
2017
117
99
34
1595
102
2470
32
2280
2226
83
29
109
2416
1941
2459
1343
1999
2455
17
44
2269
1593
97
2220
2339
655
12
47
961
2348
1710
2472
2467
654
2420
2038
385
2435
2490
104
1081
2434
2470
2346
2231
545
2479
16
1560
2451
2419
2486
2433
97
2461
2437
2231
1271
29
2474
1256
2368
13
508
2229
23
2464
