#method=quickcheck
#elapsed_picoseconds=197763000
1922
1768
7
1429
1806
1599
1861
2024
331
1116
1346
1703
724
1076
232
1927
921
1687
698
407
1953
907
1544
1148
720
67
1328
39
411
734
313
34
1854
676
48
1721
519
676
1060
1287
425
1138
1406
1277
1123
460
1595
1942
773
1982
1022
894
726
81
455
1107
734
1874
378
507
1468
455
524
1013
519
1561
1663
149
1664
1703
593
824
149
776
505
1736
305
1606
527
1382
1950
836
1592
745
1480
1876
1512
1901
138
229
493
787
147
1239
1723
1753
1236
330
337
319
774
1213
675
1620
486
1580
969
511
1269
1374
1067
1744
1624
1730
522
512
834
687
1041
603
1745
1433
738
92
394
112
758
551
1597
643
1492
2026
1590
873
1756
1944
833
425
587
2000
1458
96
1251
1242
1874
1966
1467
1051
1909
505
292
700
245
413
1150
682
954
1587
1787
797
1011
1225
1920
251
816
1421
1809
1674
980
1508
585
517
54
1315
474
831
1375
1538
919
1216
1470
1245
348
788
35
652
1421
1484
230
1719
2040
1674
1984
1285
621
945
191
772
1300
237
1911
1388
520
1370
808
1315
854
915
842
1527
738
1321
948
43
1513
898
1575
1798
1813
1338
1690
1225
1226
249
1484
1561
1872
751
1256
239
695
1505
418
889
567
1047
1897
1282
191
988
1694
1303
1148
1556
2020
116
1685
1945
1198
1088
666
1923
435
269
2040
364
69
669
20
615
49
1806
1109
1495
1117
1818
878
1343
517
1622
1610
1546
233
1987
1223
650
40
1842
143
947
1563
610
1994
1642
310
187
456
1531
379
1547
1733
2044
91
891
797
863
233
862
1705
1678
1570
1726
1366
1667
168
693
1143
854
1900
1937
819
495
1500
880
617
641
48
1149
1159
1240
1161
678
820
1907
748
640
904
1290
1940
12
1191
912
1110
124
959
447
228
332
1648
276
1476
884
1799
1035
1789
1933
930
679
1049
1709
1814
1744
1848
357
872
1959
2034
1117
1531
862
889
1680
1603
1993
452
1116
859
1333
1605
192
1577
241
1094
443
203
1713
900
1037
319
1161
1196
1590
1188
112
1224
635
1332
1418
886
120
1897
1870
1660
1792
1004
951
888
1434
765
1395
577
932
1534
1819
1779
200
27
52
1122
1678
331
1051
642
1515
1195
1406
859
77
114
1283
1916
1018
1280
1412
1384
1300
1579
189
634
1479
1999
545
1393
1280
766
1174
1200
1938
1747
1967
816
1652
1965
1489
1223
1877
1348
153
307
400
727
1208
994
210
1974
255
710
1419
692
1699
78
1631
1250
1001
2038
1174
1738
1482
1050
315
96
2008
788
400
926
541
1401
149
428
1181
270
1897
1228
1372
335
467
1055
1558
1382
1513
749
1736
708
1520
1767
1644
1782
347
1773
1546
707
510
522
1373
1613
1534
1798
224
1868
1207
2015
1856
987
603
606
381
883
1370
1577
1030
594
1332
1213
978
1514
2008
1175
970
589
408
202
1569
285
1803
1150
556
1012
670
6
961
57
902
393
1086
84
1824
845
1153
697
1779
805
1958
1895
1141
1710
1523
1839
151
1300
873
1277
181
1664
854
2006
199
631
1601
1707
1814
784
1501
630
471
970
936
1565
1935
1415
1482
1587
1018
65
565
433
296
865
1264
593
98
175
1193
1570
1218
1276
895
512
168
1304
1040
543
92
1204
1207
1909
826
1411
1737
1833
976
1142
408
1774
1347
1474
1221
1268
789
1575
280
1948
959
795
1652
587
1884
251
1438
1417
866
989
237
1455
196
845
2008
1876
1871
1245
844
923
1818
339
2000
622
321
1589
1715
1510
1394
1475
110
1855
1563
990
1530
294
1114
1568
1453
369
198
1290
788
1247
41
419
1448
1816
451
893
176
916
163
1294
125
102
372
998
1005
1197
490
1701
1951
1628
598
315
1173
1360
1928
1974
1400
485
1006
1507
666
124
1479
264
1189
62
248
339
1593
703
1585
699
1256
1649
2002
1648
175
844
1737
1277
1133
1299
268
461
1612
1373
1388
179
1772
1799
653
687
258
1898
1913
52
502
367
328
2005
897
1496
1113
1631
1057
247
378
1969
387
51
454
1423
1703
913
703
1055
1272
529
1804
421
1456
855
2000
229
2044
309
1960
431
41
1667
315
1059
1662
740
1562
1832
1581
1451
759
84
561
1946
35
1709
874
958
1546
1421
1314
1750
1036
1692
1309
1087
233
1471
682
728
1922
1126
1142
279
295
203
505
1735
95
1941
1969
416
1490
631
1691
1742
1095
1422
120
1023
1051
1434
219
1691
983
1795
569
669
1151
1139
570
438
916
1840
652
954
1323
318
706
1744
40
929
558
1705
1331
408
1029
85
1001
2030
713
1859
964
229
1120
357
907
117
193
1821
425
905
636
485
1069
964
46
1469
304
1030
325
589
494
656
1568
943
1878
1948
1427
1166
1788
117
1459
1776
431
316
384
508
88
1077
957
1343
1839
1723
2026
1123
1077
544
1224
1103
826
1730
1285
38
1238
237
821
662
1931
181
476
1688
743
642
1476
387
470
433
1598
596
826
1500
1772
1167
1659
1253
1454
86
1754
1951
1616
546
592
1743
411
1545
1979
1517
562
697
1359
992
315
508
1937
1978
436
410
1995
499
1257
487
104
2001
579
524
904
491
613
1510
930
1422
1255
84
1392
924
977
807
1305
954
1542
1869
1813
459
1846
949
607
1826
1696
1348
137
2
114
1316
1971
1559
118
1287
1607
1258
1087
357
973
1528
178
705
698
1891
1176
301
311
1805
1511
487
1518
1413
831
