#method=quickcheck
#elapsed_picoseconds=245374000
233
185
1074
138
440
999
81
1297
1247
1544
506
1859
445
121
288
1569
291
1999
1693
1031
1009
987
960
917
179
167
1040
455
308
398
576
94
1189
965
392
958
956
1548
185
693
1586
309
1130
502
433
705
753
1116
630
646
2003
148
228
1334
1811
894
1764
1236
1949
1244
1081
1073
1076
1293
795
1187
253
130
877
390
655
101
747
835
837
1596
1375
6
1278
1054
800
793
1087
270
1887
2033
329
27
723
1483
205
353
614
1548
606
1410
1001
1425
1599
816
987
180
1957
260
1704
1658
1296
1332
1690
1466
48
469
985
1598
1003
1238
1432
2032
167
1123
1216
429
1637
1297
501
1569
534
1006
19
1425
160
43
1628
930
976
560
694
1886
836
497
406
2023
1657
943
1682
1869
673
1492
2008
1480
691
1925
2015
477
51
951
573
534
221
173
1563
520
1787
539
682
2033
1197
1800
1046
1964
1786
967
803
1025
1991
1574
1760
507
1496
754
1026
1340
1472
67
1881
1602
448
1195
231
442
314
1326
1409
426
1143
436
346
956
300
1067
76
65
1917
78
364
1531
1404
1040
1121
1873
344
534
1576
249
1566
1938
34
53
1902
1771
1058
1960
429
462
15
1133
675
594
987
1213
1087
468
1381
233
225
2034
459
2019
5
763
1406
1128
1188
203
799
139
868
814
632
1352
1979
1382
368
1208
1708
255
870
342
1988
1693
1588
523
146
1617
215
2038
907
1769
22
1547
1400
173
1352
335
1362
1778
1994
1878
1533
203
1154
982
1887
1317
1524
1390
1283
775
853
1918
1699
398
1023
424
322
362
1697
433
156
195
1252
28
1235
2025
1186
1607
1168
1659
1290
1179
128
373
2010
2040
741
1745
1682
1153
1361
1741
1171
520
1779
1726
1111
684
928
287
2024
452
1751
1255
1473
926
407
1582
901
1695
405
1587
135
1741
789
2012
357
1831
533
16
367
581
235
268
614
1604
1199
1485
1000
427
1756
699
1379
1885
948
1086
113
879
78
1827
80
1644
1621
893
155
220
865
1310
42
1146
837
1969
931
1728
1804
1347
195
766
1316
1461
82
561
1871
395
1230
984
1095
343
515
556
210
1154
65
989
1143
1374
1828
318
1010
891
652
1380
306
31
356
338
1768
265
975
1836
1857
1256
1864
919
89
336
146
228
1160
1820
854
478
1122
1477
1651
1886
116
1752
1942
1344
345
872
1763
861
71
1189
1616
1548
1571
1972
848
94
1005
1150
1149
1567
1596
1856
672
1551
1565
232
1030
1000
776
1548
1220
64
1661
1453
1478
594
1921
1207
416
1015
1481
975
621
682
590
621
1919
1842
1087
1621
24
58
322
1756
875
1362
975
362
729
1014
630
1803
939
1212
784
30
59
1068
840
1101
1014
1974
1684
1200
915
1348
468
1039
1450
1260
514
458
1929
416
1200
1342
1167
581
2001
35
453
1112
1042
1453
1427
938
1566
545
1864
981
1148
1873
552
1300
780
632
1560
709
1981
1165
1166
1532
598
265
207
69
1053
430
1986
1901
1428
1895
532
1858
1832
113
473
273
1427
769
517
1728
687
125
1239
1199
1800
1541
390
1893
955
483
759
1006
1814
1040
2018
197
1810
8
1512
1709
1772
736
1497
226
1992
1998
851
305
1414
1795
1542
1577
1531
953
1004
176
1741
1024
942
2013
1391
1950
1285
1733
1318
1401
1203
1195
1600
1329
1512
622
119
1913
23
903
1743
540
1411
781
957
393
145
1724
1677
1929
1012
1387
1568
861
105
1359
4
1537
591
722
275
518
1793
956
1366
320
972
1428
351
845
1906
1227
1694
1410
235
1025
349
751
926
1796
1550
995
129
1893
636
1580
504
555
1929
98
1400
749
446
529
583
981
1896
1455
1614
17
2028
316
1859
1013
492
1057
1927
49
94
1445
1442
25
1619
1097
189
1672
1608
1175
177
305
1504
169
1787
566
568
1475
524
275
461
1511
441
1304
695
880
295
1596
1408
530
1224
1348
788
1882
425
1643
109
899
835
857
1712
98
95
1543
1019
704
141
1012
1809
29
864
828
1282
1348
1488
428
697
1739
469
1891
176
1156
917
320
224
1729
1577
131
1522
229
1525
914
226
63
1186
1107
906
1761
553
114
2033
1279
766
622
1199
2016
1834
1492
1036
1338
1303
890
431
1173
2010
1239
140
1978
1832
509
157
490
719
423
1486
785
169
1657
1128
2038
1182
903
701
755
262
483
227
1633
577
175
1221
47
639
1305
390
1712
313
1958
229
1928
881
1856
381
1666
714
603
394
1473
1148
266
409
1441
227
1887
1676
1118
1700
2001
1104
864
9
1628
962
243
965
457
324
914
1801
1702
762
924
837
507
187
967
1437
445
1104
88
969
612
1865
91
187
1014
1848
577
970
626
1117
529
712
2018
1440
1090
141
1281
592
1611
392
980
1266
116
291
1856
182
12
1397
1657
1348
676
711
314
1854
430
1785
379
1717
746
1140
730
1298
388
1879
1579
1784
1451
837
1877
1694
904
1053
1769
1658
1378
1405
1308
656
1084
454
1405
309
898
196
459
1839
556
64
1480
1406
2005
679
432
1014
1717
21
860
1270
408
381
1016
2042
985
2004
1851
577
963
1740
58
1757
1154
964
403
1161
436
1095
327
1954
745
1746
973
1540
516
1000
1489
1165
461
1090
710
665
347
1872
1741
1493
1306
1906
1233
332
1651
20
1008
369
943
6
1596
320
1663
491
526
313
205
1688
1674
1894
1038
1175
1520
419
376
