#method=quickcheck
#elapsed_picoseconds=208429000
1440
798
1911
1342
64
990
1801
1635
148
630
59
1129
1619
1307
915
415
1957
1794
1676
1692
1188
600
263
133
1426
311
1714
1870
1370
1096
118
1195
980
1556
1677
1461
1001
2017
1488
171
927
1015
655
1043
1182
756
89
565
1451
743
1967
240
534
1677
993
1866
1781
1607
74
1500
1280
347
402
1112
1128
356
1291
228
1592
825
716
1224
914
1929
1441
1682
1984
226
2004
910
58
582
1595
1308
1661
1923
1901
1527
387
1536
1270
694
311
1136
511
710
1305
994
300
86
1202
1476
1475
1083
1189
484
1389
1785
1912
1561
850
1117
1437
967
270
1125
1650
868
527
198
29
1653
792
1854
1958
1865
652
164
1867
231
1206
177
1754
1615
1862
142
453
1214
1503
1304
1412
811
982
2029
1851
1256
1341
49
1847
219
897
1662
1719
482
448
1275
94
1553
1365
1723
1196
420
1886
527
780
2004
1630
21
181
1285
1301
957
245
819
875
744
1407
1709
110
496
2019
1413
1902
1940
144
654
1541
1174
811
355
1208
990
1006
1269
1359
1181
1765
418
1991
809
669
1588
633
1446
749
1668
611
751
306
33
1531
2022
1022
646
1136
305
553
950
1196
276
508
1949
788
1546
1589
886
1688
1416
789
1277
338
1396
322
679
1252
1560
1200
1813
1653
2026
126
160
262
401
1162
401
411
801
1758
24
1612
556
1894
1557
1192
1350
1713
1465
900
298
962
1794
693
1398
709
120
362
878
288
657
1923
1993
563
887
1899
1144
1636
698
1929
432
1329
1665
1147
126
452
674
118
28
1907
2010
1770
1732
811
1626
1355
374
571
1754
1749
1301
1316
1979
826
1624
1104
281
1307
1619
1472
396
593
1540
1493
1395
1449
182
860
795
149
741
1679
773
1838
695
600
1253
1145
704
498
1228
1322
1999
1299
760
686
855
1348
1317
450
331
1716
641
1232
21
87
2016
1544
1012
479
1771
1164
1842
2028
1432
901
1305
1157
1308
1885
1555
1015
503
198
1404
1840
389
953
1425
1074
327
1071
462
1184
358
1310
1125
1625
886
1144
226
1106
1385
84
997
1681
1713
1552
1261
317
854
608
745
642
1511
2031
397
906
1700
1325
1423
1415
812
29
1538
75
1790
1008
897
657
1318
625
1240
987
993
49
1301
189
1479
215
1172
778
1867
1453
1884
207
1684
50
1889
71
1525
152
1269
710
1137
1226
1070
383
1195
656
903
651
1168
1783
718
1619
1962
1043
328
1793
1781
1097
706
1034
740
1090
515
1649
1209
51
153
1865
1594
1919
1895
1338
258
729
482
1089
936
1711
580
1819
798
644
1795
1836
54
59
500
69
940
1207
2032
1449
1077
1872
942
1818
192
2
282
1539
1674
385
1305
1332
112
667
1114
2036
586
801
483
1279
1584
1355
1315
1754
656
975
1408
1490
1170
1168
494
1717
1351
1402
1027
1986
1419
1926
302
1891
125
247
1983
1287
1757
1656
493
1678
2026
1477
901
1093
1244
1749
114
1971
786
1067
692
1987
980
1004
419
1896
59
705
1203
463
657
679
1237
90
1361
803
720
1081
600
1336
157
635
1473
519
1934
459
1117
1435
1373
1342
825
1446
654
1470
59
1727
253
220
1643
1770
122
171
1498
1904
900
1872
1551
2000
1870
1639
306
1015
209
1647
1436
1906
995
9
1472
1445
383
803
373
146
976
1251
1317
1710
1540
1952
1003
1591
328
887
926
790
1200
780
1871
1728
1688
1178
835
1561
1180
1049
465
1896
1745
665
2005
638
777
602
1485
186
313
1898
1427
280
1991
608
879
1510
1156
211
279
1439
445
1874
1806
82
1297
923
1148
894
820
1058
865
1025
1441
1507
1099
1422
617
695
1766
1608
978
1178
2029
1108
76
1064
1791
1713
1062
1375
889
1690
577
15
88
1005
2012
647
341
1292
1590
1311
852
211
1170
1862
1186
1335
1956
281
1477
854
263
1958
707
1771
307
1548
327
1736
1312
1360
1451
1640
1145
1704
1394
1602
1320
1688
1983
230
2030
1958
3
1826
1540
1632
178
1761
302
127
1909
57
1597
1593
1790
1281
918
2045
1300
1960
225
1570
1943
748
1626
547
69
40
842
1124
1152
348
1385
1897
817
343
281
1153
2045
258
595
1715
953
2003
1424
2028
1845
1075
1756
562
1183
1120
1179
37
741
1373
1115
924
893
1969
1641
620
664
1423
1633
123
1703
1761
1017
822
1673
389
964
1039
1219
995
1493
17
719
1741
940
220
397
478
2013
629
6
1004
669
2013
861
1325
396
63
638
749
483
1551
1523
1216
967
993
1178
1227
1873
680
1727
1715
496
1198
777
300
534
2014
1521
1867
1441
1921
1709
766
1351
1949
1528
1342
1597
435
1519
455
1274
1080
1234
211
41
340
892
1729
341
768
881
1559
489
1821
991
723
2000
1889
422
682
569
263
1720
1700
1983
581
1835
1520
481
408
79
1288
96
1187
99
492
1440
1733
1347
1308
1572
319
155
504
972
59
1214
1043
1169
842
1727
340
1969
732
1231
1102
900
1318
1062
1758
349
1473
913
1142
1695
201
422
1656
221
1100
1746
1564
96
223
762
822
621
318
76
1767
475
1357
176
1492
1922
1677
340
661
293
1608
1002
1042
1995
60
1109
528
732
417
130
1708
300
653
866
884
1774
2028
1118
675
1244
7
1145
1149
549
1912
1761
1878
1158
640
1800
293
1746
68
848
438
1134
1078
299
632
114
1292
1580
1104
438
1554
935
2044
448
1502
1890
1753
286
97
47
1882
824
1403
1943
1544
365
