#method=quickcheck
#elapsed_picoseconds=172265000
1
1
460
2
1223
1639
1752
0
121
0
177
1915
2132
1
185
3
1705
1
140
16
170
170
209
10
156
12
4
526
1228
839
5
206
1537
648
0
257
191
68
0
13
1
1
14
873
3
16
2134
46
626
167
230
12
332
2062
252
0
2064
184
1078
5
1
0
2267
191
3
183
8
750
9
1
230
0
6
4
3
242
1
1
8
159
114
247
132
2088
1
168
1
913
0
203
1
7
1
1753
12
13
2
203
5
1
226
1561
64
865
1
8
0
13
1
46
9
0
186
692
16
267
17
0
374
1
1690
28
0
1306
8
1
150
1209
1446
1
1013
2290
0
12
1
7
0
0
13
9
0
15
1207
30
0
862
1516
257
823
1361
0
1616
1440
181
12
496
1353
11
95
13
525
10
2279
4
140
2179
1361
119
196
78
933
1
4
13
1841
152
151
273
125
2072
250
11
1
1704
4
0
1265
158
86
745
1264
82
121
0
176
175
1655
0
2277
462
3
836
223
1
7
14
17
0
2205
25
7
1
7
82
82
7
0
8
2052
101
8
1
8
7
10
85
632
6
1007
1970
1
12
144
35
0
184
457
1
1522
1759
1881
12
1128
1
2
166
15
0
89
2290
88
1274
2
266
1990
1394
0
1
393
17
84
9
1
1
5
2157
1
1024
1992
6
385
0
778
204
250
0
1770
17
269
842
0
140
0
3
14
2192
1
219
1269
1
13
17
1976
8
498
2190
1728
12
0
389
10
52
11
48
0
25
0
241
1
1
0
935
811
54
13
96
21
1474
6
105
9
100
17
0
16
0
65
177
1
1019
1
0
115
1330
90
239
2
1
1
1531
1400
143
1547
388
1466
3
821
0
237
1
1
427
65
2
5
11
13
16
259
0
1290
1
0
0
245
5
68
0
339
0
16
12
1371
0
1
0
294
219
1120
212
1797
6
1896
407
1
9
1
1
0
6
1342
8
3
1
181
1
137
1
157
118
0
759
13
1
1461
1
1965
450
1728
137
184
140
4
6
10
11
6
4
6
1
1
80
2015
9
27
15
15
1
250
1551
12
568
9
54
2
0
4
2
0
1
25
0
0
14
624
0
0
404
9
657
1
1
219
52
199
1
1
0
15
0
11
59
1
0
1
908
0
1432
0
229
1
0
1983
2075
1
2215
2011
1588
96
315
559
1
9
161
1
78
63
690
0
1
1108
15
1763
36
272
47
1897
177
0
84
129
976
65
0
1
17
0
2
0
0
823
648
1171
11
16
163
2182
1
37
1
9
96
0
83
13
4
164
6
2037
1299
146
2084
1955
0
158
91
2
42
16
289
2027
4
4
1
226
0
1783
117
986
181
0
0
1
216
0
128
1
13
21
1
1692
0
1
14
1091
17
1672
13
0
1
1305
1592
1
0
319
1269
25
1738
97
1695
10
8
4
6
0
5
276
14
605
0
0
1
3
7
1263
231
1
125
720
1
1
169
1
138
1
11
10
138
1537
17
59
64
1081
135
256
193
4
0
0
2165
180
3
1
16
7
15
1322
462
2134
7
7
2057
0
2133
1808
102
95
574
10
415
232
126
2291
231
228
157
228
0
1
1611
1
109
181
7
1
5
923
15
11
1744
1
14
20
98
4
0
37
680
916
2
35
11
1219
1
1297
145
35
272
48
10
2271
655
181
111
8
16
3
10
711
1372
446
646
0
192
1615
4
0
0
105
1884
249
17
8
0
184
13
2
237
10
16
17
154
167
0
0
140
0
94
1
1029
264
0
191
441
1792
12
871
0
1
2297
1
183
228
11
196
649
16
1
2316
1300
1194
266
227
17
50
12
2201
1299
9
0
2
322
205
0
16
118
27
0
1806
0
17
0
10
1
1
79
6
0
1
9
23
242
161
2
117
10
0
217
159
0
1821
0
1404
1
1
12
454
161
7
221
214
257
0
8
0
83
111
6
0
209
12
0
12
1
0
1573
11
210
15
34
178
656
0
1
222
1
8
157
1
174
8
1
1
172
0
9
6
21
1
8
1
139
1061
228
3
1
1155
8
1
227
185
137
0
1
165
0
45
9
0
0
0
112
0
1
365
1824
1756
229
14
115
241
1799
0
15
106
1567
639
16
0
13
0
1688
182
2
0
2179
43
221
222
6
6
1991
0
248
0
207
13
1875
10
131
38
3
1
52
165
0
1094
16
2
17
3
1401
447
1703
153
17
201
39
0
1378
15
17
1897
0
0
1
1
0
0
2135
1390
45
0
266
75
223
11
99
13
1
175
369
134
830
8
0
14
9
1698
5
248
0
1520
116
1530
1910
5
13
257
2077
194
12
1
16
7
164
155
1864
230
125
189
5
13
198
207
291
3
1047
12
269
15
254
1
1271
0
1844
106
9
583
4
1688
5
1
56
7
407
1
1
1730
1
8
1502
1042
1813
2220
157
1
5
13
10
