#method=quickcheck
#elapsed_picoseconds=175109000
0
0
0
1
3
12
21
10
9
39
2
877
1016
2239
3
957
1239
216
1219
974
0
1
185
1
160
2141
1872
224
15
2054
17
7
264
0
1973
0
80
2281
14
2044
7
0
1788
100
69
1624
256
47
875
1345
0
0
244
15
17
5
1542
957
1367
1
911
1
156
130
3
1272
0
271
0
64
1
4
73
528
0
1
9
1
0
265
0
163
5
1
224
10
0
687
259
1458
537
1498
1784
1
0
1599
1384
13
210
64
106
202
0
17
667
75
212
215
211
0
730
6
1
1
176
466
772
1532
122
0
8
74
8
2166
17
0
1
1102
2187
7
38
1
178
210
154
121
1
1
86
6
264
0
0
0
111
238
9
49
2144
2180
3
1
10
17
9
16
90
15
31
0
7
1
362
125
13
14
11
0
1
5
8
207
1
1740
4
6
16
2076
48
2184
1406
1384
1567
0
24
179
1287
177
313
0
1
397
14
706
1614
1529
8
189
195
949
905
0
1
9
943
6
134
4
1091
0
1196
51
0
273
17
0
187
210
0
155
2105
14
14
11
7
555
177
1537
712
1
1986
1
1518
406
74
10
0
37
79
1053
553
106
338
10
2
1
2160
97
2051
249
2
33
243
265
1
1
0
1468
943
122
1
1836
1
7
0
1024
465
188
0
16
1898
249
6
17
0
139
886
181
1749
0
58
0
1488
3
4
16
997
12
1
0
2
8
2150
1
74
0
1019
1
1602
1
164
249
3
1
357
1
249
0
1479
7
106
1
142
115
1
206
1541
34
0
13
12
8
3
1
211
233
209
27
206
189
2082
145
2
8
1
3
518
237
4
1
0
193
55
26
2202
6
249
1358
162
820
17
136
1
1
8
1
15
40
1
16
35
1386
0
1061
9
2222
53
4
37
1
265
683
951
0
8
201
1711
2176
0
0
4
1
5
1000
0
0
0
9
12
513
1
1
11
7
265
2105
36
62
1004
4
0
2174
1576
4
1
252
16
0
1862
1
129
6
1
265
0
462
8
52
31
117
58
647
12
34
16
592
1494
179
8
0
2204
85
14
11
1988
7
262
1
2167
170
1559
4
1682
1349
2221
1
141
1056
270
233
17
13
152
1
1886
199
17
84
8
1
2131
974
2
1403
3
1607
1115
877
8
0
8
1869
1004
136
8
9
852
1
0
539
1
1
2024
144
1
1
1843
149
86
15
1
1603
81
0
805
8
56
0
458
0
16
456
864
1578
858
1
1372
45
11
0
1952
243
15
218
912
1231
13
0
657
1146
1925
12
976
111
1
194
145
140
10
147
1850
0
1994
136
273
1
1766
1
1
0
16
3
0
245
55
176
191
15
262
1
1287
0
2155
0
1
0
227
221
1413
1753
261
103
0
14
799
0
15
14
4
9
116
2108
1867
174
1
3
6
0
11
181
1273
0
115
15
49
1569
2048
1738
0
388
1
1
652
77
1535
2086
0
0
3
312
105
0
1492
1189
0
13
1715
1
138
13
902
247
1
13
269
107
211
310
937
1
138
1430
1079
0
1
0
456
264
243
1518
0
2075
7
10
1258
1
2
671
6
0
2
46
0
2194
175
22
513
1906
13
15
79
149
254
455
823
19
12
0
0
5
1
13
1545
1029
238
13
0
11
92
0
2132
10
76
1
0
15
11
159
1618
64
9
0
886
6
6
152
108
1400
5
218
0
1
2
113
10
14
6
94
13
1
1
110
79
110
59
1
121
0
9
111
127
300
0
1
96
1
102
1
6
198
263
7
56
35
1
5
0
101
0
1
304
1
1566
1139
9
1822
0
143
2
17
73
187
33
0
6
123
1
0
1511
30
15
1
461
7
343
195
240
13
48
1
128
0
0
16
1
3
14
219
9
11
5
3
2109
0
184
0
2152
8
77
15
1067
5
5
1724
693
1734
1
15
1669
8
0
2158
58
1
1
196
122
833
1
1615
1
12
177
11
113
272
5
4
2218
10
1
93
218
3
578
1171
1
1012
2079
0
604
11
1
1628
66
2269
16
49
1933
2
217
1
1288
1
1
899
1624
0
39
11
1685
17
269
1
7
11
14
39
2044
1
224
164
17
2263
387
198
1
40
39
11
1
239
12
189
6
1628
3
253
1118
9
3
0
0
265
2308
1638
14
9
220
871
509
2255
1
1
1804
1630
1047
11
422
40
16
166
38
1
17
120
1
227
1543
142
9
11
0
10
0
251
2
722
335
209
226
183
2268
231
178
147
1909
14
0
9
1310
38
0
99
2083
1
634
149
214
15
0
10
1094
183
1
175
193
1
1
4
240
1093
0
2002
162
0
1
46
1
8
255
2105
56
16
3
1896
130
0
85
1
2296
6
11
122
1
1
17
1
13
1160
11
1
8
0
759
37
64
1
1
0
0
0
8
187
785
11
61
1
80
1
216
1347
7
14
620
180
7
0
726
15
