#method=quickcheck
#elapsed_picoseconds=152506000
1092
637
1092
400
1106
13
7
1111
1094
8
6
1069
12
0
1111
10
1090
1069
14
1104
1086
5
1106
11
15
209
1044
921
3
0
6
1042
1109
4
680
1008
959
241
1108
1109
738
1108
1101
198
1106
1
1096
4
266
1076
1106
684
177
1070
348
1063
1040
498
3
230
1111
1090
1107
1089
1109
1057
11
1105
1108
13
1
1075
4
3
1011
730
5
11
1101
862
1108
1076
1006
1063
1107
10
1035
1105
1101
907
375
507
1014
2
1106
1
1109
1076
1107
1111
1037
1111
646
1105
1
1073
1049
1107
1108
1068
1104
6
414
292
1105
9
1110
1074
8
1110
1
1050
1111
1072
9
8
12
1109
1110
201
1043
5
1083
1045
4
1056
1111
660
1106
42
1070
1046
1110
9
1104
5
530
31
5
571
779
1065
1087
551
5
1110
1106
12
1098
13
5
1108
1109
5
5
341
1106
12
1111
10
1064
14
15
1104
690
163
1104
172
1057
588
6
1107
1106
1106
1055
1109
1106
1090
3
2
1107
1080
1087
1073
1081
183
368
1064
1107
422
1105
1110
1060
1104
1056
2
8
1058
3
1090
286
10
63
1070
1051
1083
12
1071
13
1064
61
730
1081
1105
1104
1106
1110
15
1111
6
1078
13
24
1040
1058
1106
938
1043
1104
0
867
8
1111
788
30
7
1076
1105
1109
1093
3
674
674
1060
626
891
5
1085
1088
8
8
1094
1109
7
1110
527
14
1096
14
13
1078
1106
1104
1
1049
1086
1109
8
1109
1108
1106
1109
14
227
1088
9
319
1082
1104
1104
663
1068
1105
1081
1109
1081
1064
7
5
6
1105
1077
1088
1101
9
1108
1108
707
11
586
10
477
15
1088
1044
1111
897
1045
1050
1070
1066
1107
466
706
1111
1
12
1106
641
1085
1067
1040
12
1110
1075
1048
1060
1054
713
189
1065
4
1104
542
1081
339
850
479
12
641
1065
1055
13
1105
1096
1105
1042
7
1088
1100
1070
210
272
1042
5
1080
11
8
1041
591
14
7
1111
1107
7
4
1084
1106
1096
5
1108
854
437
731
7
1065
1090
161
1089
323
432
1055
1108
1106
1082
9
10
1109
10
4
863
1102
3
1060
1110
236
1043
847
242
226
1103
1078
1106
1072
197
1
1111
1106
1
1079
1101
1074
1071
1111
4
788
388
1107
1110
589
1087
561
1060
14
1104
435
10
1066
13
1102
148
345
1104
1044
0
1063
1021
910
1057
8
425
2
831
1098
1067
199
1050
1096
1106
12
725
1089
1105
153
1078
216
1083
369
1081
1053
210
1058
1105
1105
6
1109
6
400
1076
12
500
205
629
1110
703
10
1111
9
9
14
933
1089
524
774
3
679
1045
4
1107
1105
1
776
1109
1105
1109
1111
13
14
1104
10
14
12
1104
1016
1070
1109
122
1059
14
1110
1066
906
2
6
1044
459
1079
187
1104
0
1104
1058
256
12
449
199
4
1077
650
1101
1098
664
15
4
1068
1110
486
1082
8
9
1108
717
1074
622
1
757
14
845
1026
1104
723
1077
1048
1104
413
15
1104
959
320
10
1108
1110
655
14
1106
1066
1095
1105
1101
1097
11
1070
1108
4
15
3
1099
1099
1105
236
8
1107
13
1046
10
1086
862
1066
2
1096
1054
1105
581
1063
1111
1105
665
600
10
377
943
1106
670
155
10
1107
1085
1072
3
1110
1084
474
1105
1098
785
1105
392
1089
12
334
159
2
514
1046
28
2
737
0
6
1044
7
885
1065
13
1108
2
1109
5
1107
1095
1036
881
360
1100
688
11
1107
1106
1104
1079
1093
4
1048
1106
1021
207
1111
8
130
1050
1107
14
492
14
1106
565
6
10
1075
1108
1104
14
755
1075
1106
771
517
2
834
9
1096
10
1067
1108
1108
1110
1107
1110
482
1108
1089
841
1111
1083
8
1047
1070
1045
1106
4
1102
8
1105
16
1065
1071
1054
1066
4
939
216
1105
836
872
1071
575
1111
1104
1099
1107
1110
1040
1105
8
11
1107
307
1106
1111
1110
1106
341
11
955
1107
1107
884
5
9
1105
1109
12
1100
1084
995
538
7
1106
1081
771
6
1104
633
1104
7
13
1107
7
3
3
10
1048
2
1082
959
106
1105
1060
699
992
12
7
1104
8
1111
1107
1111
857
11
15
1088
5
1109
1111
1101
592
1048
1110
1073
1104
10
1110
2
1070
1109
757
1104
1111
1087
1051
1058
1107
6
1097
1111
718
12
385
1088
1040
364
1063
1066
66
1090
1098
10
1092
821
1108
649
1082
424
1106
15
14
1111
660
1071
2
1106
1111
14
1106
1067
13
1109
351
1098
1109
1106
3
1084
1085
1107
1100
172
1087
863
12
1105
20
14
4
1079
1106
7
190
731
1026
1085
1051
10
8
190
753
1111
1104
1041
6
158
1042
1107
544
826
1049
1
1104
1070
10
1105
9
2
9
1049
1109
1104
1022
0
693
1109
12
1109
140
1110
0
1111
43
1105
1109
1059
1054
0
1104
1107
1
1054
1104
1082
1104
1093
107
1109
15
312
1106
2
164
1088
1107
537
1097
9
1088
954
4
1040
1105
15
1
1060
15
554
1109
1110
15
7
1111
769
1077
1051
9
8
8
1084
9
1058
1105
13
834
347
1022
1108
436
1099
13
2
1109
1109
1104
1076
1104
7
10
1107
1048
1103
845
1078
2
1106
1107
0
405
1056
183
6
10
1070
0
1108
305
8
13
1104
4
703
1061
1104
12
