#method=quickcheck
#elapsed_picoseconds=156462000
1097
15
1094
1109
1104
14
2
1040
1045
4
6
1105
1076
14
477
848
1101
1109
258
1045
1104
0
1106
1
473
1062
1106
405
15
13
625
6
0
1093
685
1105
824
9
431
12
604
1062
1043
321
0
1108
7
640
1108
1104
1110
1049
14
12
899
14
1087
978
1066
8
520
1088
2
7
2
751
1104
6
1051
1098
1086
2
333
1110
318
10
1052
1098
1074
11
895
1091
1105
127
1043
1047
843
10
1
1069
287
57
550
407
1108
1041
15
10
1060
25
1095
830
4
580
1109
1110
541
449
306
885
5
1047
1111
1103
1066
1110
3
13
31
355
0
515
14
1109
1104
10
1111
379
12
1106
1086
380
1058
1075
1057
1102
5
884
1105
815
1069
1019
1109
1100
1106
9
1106
1104
1105
909
8
502
511
1045
575
0
622
1102
9
1110
4
1104
11
1107
1111
10
1061
1086
3
40
14
211
1101
1111
15
1
1096
1106
1109
1097
10
1
1109
0
1109
1110
3
1072
1111
1105
7
14
60
38
1110
8
1034
1104
875
1111
72
1083
487
13
558
1108
817
245
12
983
499
2
304
1092
1050
1111
1062
1111
10
1096
15
1110
1085
1045
733
284
1082
525
1047
1107
1067
1025
1105
1105
1040
1104
1110
1058
1065
277
696
1106
1109
8
1107
1061
1107
1041
1106
1051
1032
406
1105
744
0
1030
10
1059
1108
4
1111
1071
1077
5
13
1091
619
1068
4
129
1080
0
3
6
807
1089
1104
1102
1099
302
11
1111
7
1047
12
1
1091
1078
1104
12
9
1043
1
1054
1108
1084
667
1111
1061
922
860
81
182
1060
12
6
182
11
578
5
603
1090
9
1059
4
949
8
1093
1108
9
10
1091
1105
5
1108
269
1068
1050
994
1105
1091
1078
1109
802
1063
1096
1055
966
7
1108
1106
14
918
273
1073
1051
15
2
474
515
1043
1063
7
1106
1105
582
1109
117
13
1105
1075
1047
397
1080
1107
1106
92
1111
1070
1111
1106
833
1073
1048
1110
1109
925
1082
1076
222
15
0
1074
1107
1089
1077
1043
1067
352
1071
1086
15
515
1057
611
6
1106
4
368
1092
1
1052
52
2
2
372
353
289
849
1
0
542
322
586
273
1088
188
12
1108
9
313
378
203
1110
465
1100
12
820
3
1
531
1023
1022
1110
174
804
1
3
1108
1107
1107
1083
1109
1094
1105
647
0
123
209
884
483
707
3
1111
1111
1068
5
1103
1109
10
5
1099
1061
798
1078
271
1029
12
5
6
1046
2
1084
1048
1100
1049
260
1064
2
823
1109
8
292
1041
13
1110
700
1108
862
598
1063
11
1069
193
9
1106
854
4
1064
0
1068
1071
1105
3
1054
14
658
1099
1078
301
749
1107
1109
1106
10
2
1111
9
1087
872
1104
1064
2
830
11
1050
1108
1105
1056
1101
1104
5
1069
1066
1108
644
1085
1084
10
1091
1111
12
1107
1101
619
1101
1105
12
1054
1110
3
811
932
11
1067
1108
1105
445
1107
4
1105
1107
1058
338
9
1
1107
1067
10
726
1064
1109
860
4
15
1089
1053
143
1106
1081
1044
1054
1098
1058
1110
0
3
1106
8
993
875
1111
11
428
1
4
1088
1106
1053
1110
532
1104
13
1110
4
1066
1065
1099
1052
781
348
553
659
1081
1047
550
1059
9
9
0
1107
1107
13
1098
1085
12
260
1076
706
1082
3
849
1111
655
1049
1086
1102
1040
10
2
1084
288
35
1047
792
1104
1064
1049
1108
157
627
335
1104
1101
152
1108
218
1090
452
1106
718
1063
1107
1110
7
1097
1060
11
5
14
1072
1108
960
1060
1104
1044
1108
1055
1111
1049
2
7
3
177
1105
1110
687
1104
6
1108
1108
1110
13
15
14
913
503
7
257
1110
1109
1104
7
1060
384
1110
968
1102
1057
1107
1111
1072
213
1059
1105
1071
246
330
981
1072
14
344
729
1095
1107
1040
360
10
0
1110
1105
7
727
4
1055
1107
1108
964
10
8
1058
748
416
650
1078
482
13
1040
1111
1110
5
9
1106
1107
1053
3
1097
12
1111
832
862
10
71
14
226
493
1107
545
1108
14
1008
1107
706
32
873
1062
164
1107
4
467
1110
1105
903
1106
1108
7
1105
11
1107
1106
1078
5
823
1069
1107
1107
217
302
1111
1042
1052
1014
1065
11
876
1049
228
1105
1047
1103
202
5
7
1111
1095
12
288
10
1087
1063
266
11
1110
1053
1090
1101
1061
324
3
820
1110
388
1111
147
1104
2
9
23
4
717
751
1108
1105
1102
140
1048
555
14
1092
651
0
1097
1109
1096
1104
1037
1085
7
671
7
843
15
15
1055
1105
283
1097
1040
677
1111
1061
1110
2
1108
13
536
330
440
301
1087
140
11
1110
1104
2
2
1111
9
549
1079
421
515
835
14
1088
1057
1086
1109
1096
1104
1105
255
8
884
4
1108
1110
339
4
1050
3
4
1111
644
619
803
0
519
1086
1051
1107
1089
1043
1085
8
1054
6
116
1080
1095
1058
247
15
540
698
1083
1084
1061
1110
196
1105
4
13
4
14
1105
1069
870
1111
349
12
1106
1088
573
1106
732
520
14
238
14
10
512
1111
197
124
398
1060
81
1049
1109
1109
853
370
11
709
1108
3
1107
0
10
914
1111
6
1081
1108
235
835
3
7
1
363
762
1067
305
686
1043
13
2
1109
1049
