#method=quickcheck
#elapsed_picoseconds=224663000
657
16
2817
2734
3295
6284
2638
1073
1172
6273
6286
3917
1734
4831
6273
6275
6286
120
1411
1561
1474
1936
346
6273
2781
682
0
2815
6272
108
6272
101
3780
1281
15
6278
5924
71
1709
1574
4058
6009
45
101
180
333
6286
847
6286
1851
4069
64
6281
1361
6284
284
4159
6277
92
79
16
6283
6287
6031
6276
56
3921
34
87
3669
5945
91
63
53
1196
6276
5460
106
106
637
802
16
1835
5464
120
505
25
4974
1411
540
89
1656
6278
3380
4395
41
211
3909
520
484
53
6272
6285
6284
4058
1571
520
6275
38
370
941
5260
25
6098
4333
3620
5747
5507
2616
6000
4753
240
6277
6282
90
17
6273
3185
2314
1626
6284
1677
70
3437
13
1433
1282
2126
555
6281
1395
112
3782
6287
2282
6284
17
917
751
2290
1096
2976
112
82
751
412
5649
6286
3753
6275
2634
713
6280
6279
889
189
5355
13
557
6283
456
6283
4855
6170
6279
4965
6273
52
4751
234
3054
69
1822
6286
6287
5331
6280
56
114
3727
3335
2081
986
39
1675
6282
838
6277
444
6130
6280
346
5929
6277
1377
6281
67
5008
1208
16
678
4522
6276
17
6278
6281
38
94
3368
58
3536
0
5843
111
123
6284
5616
6282
2607
2487
6280
68
5531
6272
6272
1064
6283
1913
87
63
1369
6283
6284
5752
663
2231
6279
1694
596
645
53
2051
444
5407
4900
4640
864
6276
3879
2164
70
62
4221
6282
126
5592
57
1111
111
6279
922
5537
13
126
38
42
5168
1831
5068
3242
1852
104
115
6274
2766
6276
63
6279
297
5796
6272
6285
3629
11
1632
1098
4686
2239
69
49
3750
6279
168
1144
43
4414
5450
1928
5249
49
6286
153
47
6274
1278
3803
6285
6280
2999
80
6283
12
764
6285
6281
6279
5758
126
5900
6275
2068
123
28
5148
123
1422
6274
4517
678
61
6281
4872
6280
2242
5570
125
2646
2420
6283
3863
4010
1905
111
6287
786
5805
6276
6043
77
57
1446
1381
4836
3988
3249
227
107
56
6284
66
85
92
62
6285
25
1784
45
36
5884
4499
1454
1465
6287
3268
1470
2011
6272
5644
5666
905
1313
6282
102
6278
6287
3197
6285
69
6280
3314
1279
6058
3850
6273
2929
98
41
6280
6274
6272
6287
1691
2808
6278
6279
1255
6275
77
6272
1109
1394
607
6287
14
412
6273
973
6277
109
6274
46
6283
60
6274
75
6272
100
1316
433
160
4412
964
1518
6273
721
552
49
4103
2726
6279
90
1078
6278
124
5213
6284
4090
1935
89
3803
110
6286
15
6286
6274
1368
547
783
2089
1250
6274
6277
1386
616
22
121
87
3010
479
88
117
43
242
153
6279
41
6273
1467
6280
1430
6284
6278
4258
6284
3940
6278
1176
6063
754
6282
6282
66
6279
5024
104
6278
5217
3452
52
1688
1867
118
6276
4834
1683
3189
6273
2057
4175
97
1152
87
1832
6280
2166
970
4715
6281
3854
35
6285
493
6047
3404
716
5898
6274
5312
5498
11
6277
6275
1737
6276
1978
997
98
563
112
88
84
6283
6278
6278
6283
6277
6274
43
1086
1370
6280
1204
52
18
1613
3006
294
6284
5832
1925
6275
128
102
83
6284
62
116
6273
600
6282
39
5277
1759
6279
6278
87
6286
3233
30
6282
4
1895
6279
1998
4090
52
6285
25
610
4745
6275
4860
3361
2188
109
92
4778
99
6283
1132
109
22
52
51
4169
26
6
106
593
6276
112
118
823
1768
3616
5843
6284
6281
1171
6277
5993
4730
386
1968
4
2089
6273
118
4228
30
705
1136
6281
6286
24
314
151
4561
4581
6272
119
2777
1625
6281
1497
6275
6287
2042
4553
119
4512
1374
6276
59
19
2846
2119
1823
12
63
6283
529
6277
5907
973
6275
1646
1478
6275
2529
4588
2129
1682
6275
61
80
75
1266
484
6284
6275
4986
6276
590
363
2225
2055
292
14
1252
5037
559
6
6283
4645
4180
6274
6286
722
4245
90
6280
6284
13
127
5919
6280
73
6275
36
1566
6277
72
967
6278
4025
3934
5159
1532
16
13
1399
4378
724
1548
1824
6282
6282
6279
1840
14
74
38
1056
9
5862
765
53
806
596
1616
72
1479
3073
9
17
4789
475
37
6272
4995
32
1967
6276
310
1410
5584
6278
6286
6285
19
3947
3958
4203
6273
2854
1880
6286
4880
6276
2056
6282
3744
95
42
113
72
6275
1928
4392
87
47
117
906
6272
27
18
1783
4320
6273
1180
125
493
1179
5076
6280
365
3534
6272
118
89
2658
1360
6275
1692
2
1998
2031
1579
5190
25
338
5464
1655
4917
6282
3280
6282
79
1367
6279
557
1886
5556
6277
177
6279
4397
4806
6285
6277
2431
6275
1418
6272
6276
6284
6272
6285
702
43
996
5457
4727
4215
3488
733
6112
13
9
4764
5194
6275
5951
6286
6104
1388
6277
1797
1836
1985
6286
2
3104
4725
1877
6272
30
1493
2247
6275
460
6276
6272
2320
1567
107
6284
84
485
3107
6274
633
5101
6280
106
2874
6279
248
6284
322
5077
6282
3173
116
3945
2586
3583
529
1030
866
6274
82
5636
706
6274
5160
74
8
6276
1350
3806
6274
2515
69
2058
4329
2602
3214
9
684
4930
4437
5
2006
82
6280
6277
5706
14
6285
6064
3407
2014
314
63
900
6278
5101
32
393
3251
6279
1846
6278
6276
127
900
6280
19
500
869
67
69
4
770
6279
3534
33
6272
17
6285
6282
6272
1658
3707
536
22
1219
2586
66
2139
4988
371
6281
804
1633
1278
2096
104
18
5989
592
5562
1663
99
6281
6285
6285
293
