#method=quickcheck
#elapsed_picoseconds=188961000
34
74
11
121
597
1722
2179
1968
583
2197
1236
2447
2450
2485
785
2455
2481
2374
2489
2460
11
4
2343
45
2318
2471
2446
2382
201
2456
1895
221
2422
106
2451
118
2238
2491
1464
2454
1329
109
2486
2258
2227
2466
2414
2205
2445
2439
63
17
2402
1313
947
811
2456
2455
2433
1
2445
111
2314
2288
709
2482
2
2429
78
2222
119
1478
2231
2462
43
24
1023
12
45
2423
33
2321
459
125
2382
800
61
2493
2417
2448
2467
2452
2482
23
101
2469
2442
227
2368
2222
2264
2360
58
1923
2485
2233
2370
2373
2369
53
2484
1324
70
28
2334
2448
2490
2454
2280
65
1186
2232
954
2464
1603
105
67
2476
2477
1749
2196
59
2336
2368
2312
2279
75
121
2244
140
2422
45
92
42
2269
2396
1335
2207
2470
2474
1917
37
1812
2043
1363
1862
2248
405
2189
44
1089
34
2444
2283
1107
2164
1961
107
33
1075
1154
2365
41
2494
1570
1592
518
2470
2206
2474
2436
2442
2469
25
2182
2337
2489
2335
2435
29
119
2447
724
2488
2476
2451
1050
2347
2353
2451
2443
65
38
1323
2461
1888
2292
1078
2473
119
2494
2209
33
2431
723
28
2345
2368
79
2313
2467
564
1284
909
841
2477
2335
2455
2490
104
2456
13
2460
2448
2232
612
93
2195
2237
2471
2475
2264
2432
1612
1516
108
2478
2255
2457
2407
896
2191
2401
2423
60
11
20
2454
2461
2280
39
2446
113
393
124
2454
2463
2346
112
1778
2444
2407
852
2131
99
2297
2432
2339
2483
8
2216
94
2462
1509
810
1254
2459
1910
23
118
1564
1718
2472
0
2232
7
2453
6
2472
115
2322
2407
969
38
2443
34
2407
91
2457
237
2264
90
2300
2273
107
2364
2459
2192
33
1687
562
350
1261
28
2369
2391
2367
2185
2364
2347
2472
2303
1928
2074
81
781
2456
2395
1450
91
17
2351
2213
2184
2484
820
2407
2444
2320
2434
1703
2294
101
11
246
111
469
2198
7
1170
2193
2444
126
2475
2163
2492
2211
2150
2195
4
2423
2493
2449
91
1094
2359
2493
2470
67
43
1730
101
1603
2458
51
13
99
603
478
2455
71
51
637
905
2423
2467
2194
2220
2462
726
125
2468
2474
678
108
2410
1166
68
2440
7
2287
1416
88
2423
121
2460
1694
2210
2189
2275
2216
2473
830
2192
1598
2478
2448
2337
1606
127
2486
2243
496
1761
2458
2077
2420
74
2465
2328
2465
1218
2480
2443
2495
56
2299
2470
2428
2391
727
1563
2310
110
2436
2357
327
2242
1070
67
2465
2460
908
2437
1789
2473
2469
2447
590
42
382
2447
2462
2294
898
2159
2434
48
90
2469
97
86
2458
2302
1
13
2433
2307
2244
825
115
2473
2239
78
2443
1918
2214
48
2460
94
202
2458
2438
2476
2436
32
2438
2203
209
74
2454
2401
1157
2376
2446
2493
1087
104
2479
2468
2443
1990
2462
2269
12
2352
2303
2298
1912
2305
2436
123
2460
2294
2431
123
2488
56
31
32
1914
981
74
2403
2213
2334
2349
1277
2420
68
2489
124
2477
44
19
13
2385
2379
2443
2483
2419
2261
30
1112
2437
69
1221
348
146
667
2274
2470
2445
2332
57
429
328
93
989
2339
2483
58
2273
1609
2207
2471
2454
2492
57
2442
64
63
2478
2235
2453
2472
75
127
1997
2434
2263
113
2450
2491
23
803
2481
79
2296
179
2440
2405
27
1215
2427
2265
2369
2432
2459
12
2296
2448
2465
117
69
24
2458
2422
2401
2460
87
2469
1353
2084
2492
103
392
2485
1864
74
552
2204
37
2480
2333
2180
2455
2432
1287
469
2237
2307
2412
2457
2433
2177
462
57
99
1491
116
499
2459
2459
2396
1059
99
529
2250
11
2466
236
2234
41
35
329
593
2317
2464
2222
1395
48
2432
1616
1112
2310
2266
2434
1347
2376
44
23
1336
2271
528
1584
1456
2252
1003
56
56
2268
2237
2268
2217
29
2279
79
1055
2269
2285
2446
29
24
2254
31
2260
96
280
2356
2421
1557
2214
2193
6
1347
6
2259
122
48
2446
79
2468
2465
463
2436
55
2301
776
1267
2231
2345
2191
117
1188
2281
97
90
2457
2188
1513
61
2463
2145
2433
2353
2398
2083
2206
52
2286
122
23
1818
106
1269
896
2377
551
1517
1139
589
2471
2
2342
27
2474
470
2235
465
2477
759
1423
2486
2483
2488
77
581
2475
1246
70
2476
2216
42
77
2354
2280
2439
23
2477
123
354
2335
2121
2271
2430
1327
1842
2492
320
92
2251
2376
1337
2472
2481
119
2450
2469
72
2470
189
11
2470
2224
2487
1710
2207
2447
504
2375
94
2490
42
22
2441
2466
40
2197
457
2483
811
2427
52
1413
1201
1308
2197
2454
94
2382
2322
955
2481
2441
2356
14
2198
2197
993
85
2397
910
2347
1284
2470
241
2411
2468
387
1965
74
58
2423
2490
2472
788
139
2378
2441
2455
2493
12
77
2494
2468
2465
1717
2456
2198
558
2324
2196
98
1587
2278
58
2385
2457
2300
1275
2069
82
2040
82
2409
560
2480
2445
2367
2384
2341
2486
2389
2336
2305
2435
216
113
1171
2436
2196
64
2257
2473
10
2468
2307
2372
1633
36
972
2472
2341
48
2333
2351
19
113
758
2398
2475
44
2448
2320
66
98
2204
38
1106
2413
2467
2214
2138
881
2442
2288
86
2243
28
2482
1456
1509
2280
87
93
467
85
1423
2474
1021
63
370
39
2481
2195
2222
30
62
97
32
71
342
2345
2495
1309
2219
114
2238
6
2374
2441
1281
2040
2478
2338
1229
10
2480
681
