#method=quickcheck
#elapsed_picoseconds=198985000
2434
7
1538
82
11
1588
2223
73
2475
61
1336
42
1988
2432
2476
562
115
2412
2438
1349
2423
333
574
2455
1020
2445
2195
2396
2380
725
2483
2244
2435
117
777
1579
2227
1996
80
84
2459
2391
2304
88
1528
1173
2214
1
2469
2486
68
2450
1280
2244
913
2273
2470
2471
2325
65
2056
2443
2415
5
92
2468
83
1651
1070
122
69
2277
2471
12
2460
2438
338
2314
26
2467
37
8
2441
2460
2141
2459
2470
966
81
120
1276
93
2309
70
1811
1371
1120
1374
1687
2340
13
1168
18
1998
821
1416
2227
75
98
2439
2405
81
2282
2322
1239
107
1593
2453
2473
2492
115
950
2448
2470
2449
2468
1681
2470
2451
633
2442
176
991
2319
2047
2492
55
1004
2495
2246
2195
58
2357
2387
2431
20
2482
1421
50
2447
2480
29
2483
874
2443
2433
2436
2343
2469
2488
2330
2376
1256
2474
1637
93
458
706
2231
2178
2272
2334
1611
126
2398
1808
2479
113
709
305
429
2489
2447
76
96
2466
2416
98
2442
2487
2446
2211
2489
2449
97
2483
937
1752
2432
83
39
792
2
436
2205
1533
2439
641
2457
2066
1229
56
1614
2463
2489
928
2439
2483
2481
6
2387
2064
1884
1595
2289
2460
2449
2406
420
1698
2215
37
2388
1973
2448
59
2360
1446
2485
1179
2001
2446
2421
247
30
896
1501
77
1767
2439
2486
2104
2423
1471
23
97
8
2315
7
2486
21
37
64
2341
2442
2025
2435
18
1862
2243
2437
2179
2266
2072
1158
2432
2362
2478
2410
2351
113
2458
73
113
2364
24
92
2328
2295
2365
2476
94
43
486
2406
126
2339
2323
2244
1651
1359
74
83
2394
2447
2218
102
168
2277
1745
2359
85
109
54
45
2438
741
2482
2290
2389
2473
2453
84
2360
1421
2196
101
1925
1591
2461
988
2218
2208
1937
2488
265
2149
2210
2450
2254
684
2346
967
2442
2308
1123
36
2466
2471
1370
2083
60
2495
2424
2439
70
2436
2317
2446
2265
2441
26
89
2098
31
2495
337
88
2469
38
48
2370
439
1353
2242
2358
118
51
20
2475
2233
1577
51
2357
117
1042
2298
618
1426
2483
2447
2419
2447
1436
761
1802
19
2467
207
1247
2352
19
28
2477
1208
2342
2367
2488
2316
2493
89
2443
12
15
2433
2276
2258
794
1266
193
20
2452
2464
2446
2193
2445
2376
2458
2288
2381
1598
47
884
2447
2436
2409
1153
2465
102
1970
9
2469
68
1681
19
2461
2466
2409
2432
24
94
2411
2279
2480
111
16
2478
82
2479
2438
2450
900
1341
2209
2476
2331
1248
2330
2446
455
543
2207
2359
2379
2394
507
79
8
13
311
71
17
14
2466
2191
2483
2443
2433
2477
2389
85
2387
785
2211
2228
14
2176
2270
61
1155
2289
166
2426
2189
2482
2317
2487
2400
88
2342
2330
111
2464
468
2264
55
711
2448
43
18
2432
2477
122
2177
733
42
2312
71
55
35
2387
2328
2366
2340
2202
2493
2302
2302
2491
105
2267
2432
2429
1019
2257
2123
890
2269
487
1380
2348
107
2465
2439
86
2360
101
117
36
2434
471
74
20
108
2460
2457
2449
2452
2197
2491
2322
24
1573
109
2434
12
2458
2494
70
2428
0
59
2357
546
2448
2493
2490
1336
58
2428
1949
40
2492
21
2451
2318
1188
2444
2430
103
2188
96
59
408
2264
889
2251
2251
1694
1253
2434
2487
2452
2479
366
2453
996
53
2487
36
2491
2403
393
18
1585
2457
2435
2072
32
1502
2463
1282
2206
1403
2424
72
70
124
70
2454
104
2485
2188
62
2420
2465
515
2457
2408
22
37
1154
36
2261
1300
21
2200
2247
2209
1486
2487
2432
580
1254
2370
2276
2302
2038
2466
758
2385
11
1572
2314
2120
2472
50
61
2396
2456
2447
1152
87
2310
1314
33
2190
2284
835
2493
2406
2290
2483
87
2187
82
2203
1124
50
2210
2270
2186
2115
5
258
2483
2476
2434
60
2442
72
2421
2473
1596
714
2385
2366
1243
35
2227
247
48
4
166
1148
2331
2067
2433
244
2434
558
74
2338
786
2363
2204
357
43
2434
2446
2455
687
2483
1074
2440
2332
75
2405
2487
71
887
2404
1542
86
628
28
68
19
377
1428
456
11
2296
646
494
124
65
23
2417
2481
2333
2472
2442
401
18
89
63
85
124
2442
2472
2319
539
2252
2455
1683
2471
37
2396
2480
2308
1689
2338
1782
2473
2450
298
1933
1173
961
1708
2350
504
2434
85
1980
1189
85
33
85
2472
2471
2023
2434
2184
710
2487
95
100
2471
449
49
2434
2339
2291
2321
2231
2356
855
2363
61
8
40
2467
2399
2377
3
939
2480
72
496
887
2222
2487
71
2440
2466
112
1861
2332
2316
294
2493
65
2370
1788
17
70
261
47
2362
120
2184
2315
39
2474
74
2372
2460
697
2261
2434
2273
2300
94
2460
2435
2353
2181
41
2405
68
68
2046
83
421
2438
1865
2485
2475
1558
2182
888
2450
28
2358
2442
1378
75
2471
1381
59
2322
1125
2482
2492
2336
20
2435
2321
2458
2457
2453
1636
2230
1910
2370
660
343
459
59
2353
2483
2467
78
2492
61
94
122
1787
2265
2248
6
1415
115
2286
122
2206
753
2492
905
2483
1870
13
1888
2323
2289
40
2470
2413
11
2222
110
439
2476
94
44
2228
2196
2218
41
2154
747
2324
2451
2153
2409
2473
714
71
35
85
106
33
2393
20
2492
2486
2264
1774
58
2428
97
2489
44
2471
1916
1090
963
2467
2373
2238
576
2478
2473
2376
99
107
27
37
