#method=quickcheck
#elapsed_picoseconds=200517000
976
328
614
1332
1215
339
1045
374
1326
942
1137
1421
1245
2030
1842
1484
1424
1370
15
1535
969
913
1251
1678
1400
1362
1360
1865
1403
822
1736
1243
1344
929
558
846
2
1891
333
722
263
443
643
1858
720
559
968
1705
1132
585
1221
374
1551
856
14
402
1365
1434
1155
1692
1141
19
1159
2042
1500
298
73
1016
593
1517
541
1464
317
316
988
950
1132
623
653
712
510
1646
711
847
1835
1593
200
1068
1093
387
1577
1533
169
1814
310
306
488
1851
1144
489
1373
495
1882
627
1010
305
915
1254
189
1481
1189
1037
818
971
251
1239
1027
431
1380
787
1516
1728
979
429
1953
1184
1640
486
1779
78
454
831
1851
1062
283
1421
1017
1740
1194
873
2015
1887
687
88
692
2024
357
134
1504
596
574
1876
1718
1570
1690
1320
1468
1614
748
2
141
622
1164
1324
1087
151
527
334
1395
211
464
461
36
1514
1730
1528
1016
1439
1494
867
310
182
1405
1191
1440
1088
1266
1560
532
1111
2018
1460
158
1388
385
1
1224
616
490
1961
1872
607
1620
322
1577
1715
1967
374
386
136
1513
1714
1721
1604
1652
941
942
781
762
453
109
632
1221
1465
502
1332
1185
741
807
1897
1304
1486
1727
625
718
34
1841
671
1014
1264
1332
166
1611
487
1300
593
1495
542
308
220
148
558
136
1119
1025
266
1888
1973
1865
363
804
1341
847
1103
932
1590
1550
1379
2000
1861
598
1486
1148
475
1702
1021
1368
915
751
114
368
1039
270
1956
679
242
686
1412
1086
1251
1606
727
167
1973
1992
609
186
66
1249
742
694
1634
930
577
1067
1168
1593
2021
938
1140
257
1563
473
1786
710
1876
1976
344
161
85
325
341
1023
1771
455
575
442
265
1297
1725
786
1019
414
512
1324
1005
164
1181
5
1041
1277
1751
81
1662
305
856
1632
1541
1117
931
1837
1660
1170
1492
104
434
1034
919
287
1557
571
1908
892
801
422
64
1883
510
993
1420
1895
994
1437
1393
514
433
971
948
672
1012
725
673
1960
790
1619
361
1237
593
434
581
2020
645
1736
1059
594
594
1327
1504
176
1726
371
920
1306
1673
1701
133
864
1471
1071
1447
466
1495
1804
193
2014
506
1601
204
845
1627
1860
1059
1161
1345
1440
1455
527
542
278
1667
518
974
661
1802
856
1841
496
604
710
2002
768
1240
960
1091
374
1154
308
1998
1393
768
1921
2028
228
674
331
1182
2047
457
371
1889
1302
1754
1781
661
1599
10
1779
1736
988
1029
1897
614
2011
1488
694
105
321
946
1460
312
970
1087
1381
1352
1411
739
2018
1880
1758
521
1
299
995
81
447
401
1696
1865
1944
1820
366
424
746
523
289
1427
158
1400
1328
1559
826
276
882
1362
1267
145
144
1604
993
413
121
1124
1794
1452
146
424
1033
1413
620
496
1848
2002
1557
1581
128
1596
1772
1841
271
1959
1772
324
1064
280
1621
1212
1814
1438
2046
1946
253
1701
1432
140
795
1350
1094
1398
232
736
1512
1246
1085
1395
1898
1071
1905
230
1288
1543
1387
937
347
1775
1732
1424
1456
1319
1988
1794
1314
1645
664
57
434
1900
765
1315
48
778
492
1450
488
277
1461
805
316
574
1336
687
949
1681
1640
1719
898
1946
1962
695
569
1775
1474
602
1395
1751
254
1658
2044
284
1918
89
154
1312
981
1471
1465
211
63
1954
1753
1829
669
456
1324
80
1557
1829
28
1072
1030
828
1901
1462
264
901
53
2032
1237
1327
728
255
642
717
1426
557
1248
464
607
1667
186
670
1865
455
864
1309
1552
1803
1601
1904
37
164
1057
1254
454
509
1591
1391
1825
1231
889
1898
628
118
154
493
1321
299
1068
278
396
1290
376
1559
219
890
1831
440
487
114
1845
791
1102
1431
825
1256
610
1014
1772
685
1030
339
1527
768
73
1427
493
759
1528
572
1553
1671
487
1435
954
1724
281
1122
1322
1447
2042
1959
1492
826
485
1210
1811
1542
1179
798
1805
2009
1636
599
1821
623
1714
1610
882
889
857
222
1512
825
211
748
1055
1574
1064
83
1099
987
267
477
1386
336
1311
3
1073
1490
586
329
184
1902
1792
936
302
2042
1655
964
1952
1706
764
330
315
1704
1650
2018
994
224
1621
1620
860
62
1708
745
1908
68
1509
1249
1561
1715
1618
701
702
491
1999
1137
418
1260
1631
9
66
907
1577
1579
180
1799
533
1328
784
937
877
1228
1970
1569
1598
313
637
1376
1258
2021
1874
1415
409
1725
952
1796
1330
1785
1184
997
1074
575
107
976
1185
725
553
917
2022
952
598
1413
1097
1724
726
801
512
1861
1863
1926
1229
564
27
1387
965
1939
1571
1699
944
2046
68
1448
1906
484
1304
15
1737
500
844
545
501
1704
824
774
1613
1547
622
2015
1798
111
353
824
324
1194
1969
618
1597
1015
1180
799
164
1725
962
1955
1760
543
1339
2041
1576
719
1131
1167
110
266
989
1936
1496
1761
1246
1137
1783
1705
927
423
1675
892
1194
1437
1746
487
1209
94
455
1642
997
829
163
825
968
776
838
411
1909
654
1036
511
1524
394
646
103
1947
1678
679
591
1001
489
440
577
901
334
874
956
1306
723
1259
1725
404
1259
234
1055
1487
790
477
1952
478
1803
413
1309
1210
232
188
816
785
1282
1389
1397
694
333
2
1299
1357
148
975
979
1501
320
1395
504
1406
946
