#method=quickcheck
#elapsed_picoseconds=245133000
23
2479
62
44
2450
36
60
2186
2323
2468
109
49
2469
2456
1275
173
2384
2232
2296
2465
2233
2349
76
2331
84
2450
2413
113
2465
2209
2473
1661
2389
10
53
2449
124
2312
2455
2447
110
984
2270
204
2413
2050
2436
1360
2420
2185
2478
2415
2329
765
488
28
2444
1488
25
26
2194
126
2380
2212
31
464
2317
2246
2472
776
1004
121
1166
2485
690
2382
677
46
2441
2473
2439
67
18
63
2381
2392
2258
2446
2440
938
2247
41
2418
2206
73
32
2433
2275
127
413
2484
2397
21
2263
2412
2233
2449
1760
1778
2489
86
69
277
49
2490
242
120
2445
1523
2469
2108
2292
2293
1854
117
2274
2458
1971
2061
21
2448
323
2478
2280
127
61
2284
2371
1244
2319
41
108
80
2238
2428
2435
22
2432
2478
108
623
2441
116
46
2300
2490
2444
109
1454
1039
73
2288
2451
2308
2436
2039
15
724
56
1432
34
2493
2337
2481
100
2492
1546
2439
111
17
80
87
2261
46
11
118
388
210
794
76
2468
2361
724
83
2464
94
1986
1893
2374
9
2324
2192
2460
2414
2460
2446
2467
2453
34
2278
2463
1263
2165
2297
2207
36
90
1933
1439
400
2328
2449
1884
2476
33
2451
2278
2481
37
2481
2467
14
2322
2486
2477
1230
2483
748
2302
2488
116
2485
150
2392
2273
2277
2332
2312
66
5
2465
2462
118
2449
2417
107
114
52
2456
482
2436
1379
2450
2295
1277
1162
2349
295
483
2193
2461
2214
341
23
2062
2338
2366
1222
19
1915
930
2469
2235
2494
70
62
61
2460
107
2467
2403
2383
47
451
314
2461
2367
2011
2225
2340
40
1327
15
2345
2207
29
2196
2468
2273
1012
82
83
2458
2351
1873
2253
1144
2450
420
17
614
2216
2304
2463
85
2466
2480
1048
2414
1613
114
85
2354
2460
2336
398
786
16
568
55
1583
2059
108
2199
2370
545
90
2439
116
10
2335
368
96
2297
33
12
2296
399
2370
58
102
2495
2458
2323
2169
13
2487
2451
194
2480
2406
2465
2225
2319
378
2469
1398
1987
6
2481
2390
2459
2461
5
2119
73
2374
41
2470
1654
43
1431
2465
1244
1769
1932
2392
5
2467
1891
2256
2465
910
2395
1666
97
2289
7
21
3
2228
2381
2449
2440
2456
2180
2343
698
2277
2237
2488
2465
2494
1656
2472
2187
2206
53
1250
2474
962
47
2429
2373
6
501
1125
39
251
2454
118
2425
1543
386
948
1479
2294
2224
82
57
272
2045
67
32
4
106
2458
2389
50
1182
2443
2248
513
439
26
119
2436
2446
71
2439
641
92
27
100
18
2344
2270
2336
1961
2296
2358
2486
119
33
44
2266
83
73
104
79
20
65
2425
1271
305
2458
2472
115
2186
2137
24
1272
2457
2303
2373
2244
46
2258
2450
1985
2468
2206
2409
2466
2468
2298
49
2491
2471
2382
2329
16
2199
2434
2456
21
2454
2438
106
1322
1927
2367
2256
32
2479
2311
2469
495
2487
2180
2466
2446
37
2443
2345
65
2493
2238
2194
2268
2337
2449
575
81
90
2434
1259
2470
383
1680
481
16
2368
113
2416
2480
2402
2186
2270
2212
2482
2419
2469
570
2461
2478
61
2462
1289
1826
74
1562
27
2494
1015
257
2473
2377
2449
7
1606
776
2317
2413
1007
1589
2459
22
891
2248
3
2290
2192
2167
14
42
2355
2490
2468
41
2445
2367
2244
34
286
1342
2218
2400
120
1327
1382
904
2445
2282
2339
77
2397
1528
396
47
2455
2442
1804
94
2454
2239
1133
2492
1862
1791
2267
510
2267
165
1555
1299
67
2446
277
1699
2445
563
2286
48
2252
52
2305
81
2233
381
2198
2313
2470
26
31
19
225
94
685
2241
24
21
2025
835
2423
833
0
2261
818
177
864
2257
38
2148
48
16
1972
2442
2469
2446
2474
1072
27
12
52
970
813
2470
2359
2424
2417
2278
2453
2262
2246
814
2461
2476
2336
69
2474
39
2262
191
64
2184
2056
2489
2365
2234
59
2460
2235
2466
2262
2440
2475
2393
391
2448
2347
1948
1753
1897
2364
26
247
2433
2334
2465
2251
1265
737
2231
39
2349
0
2454
2488
833
2453
2322
2309
2484
2467
2461
2479
72
104
64
2335
2361
2375
2470
1347
31
92
190
2495
2478
2319
2477
2252
105
37
2253
2456
2313
1192
110
92
1963
2483
2441
23
50
63
1347
23
2395
2302
2459
2214
124
66
2462
1646
2458
75
2489
2336
123
1463
2476
2432
2448
2463
476
2432
2077
47
2432
2455
223
65
98
2295
2392
2469
2448
1764
2321
1431
2396
521
1796
2476
2450
2442
2184
2410
6
2480
119
638
28
2340
2462
110
53
64
923
1605
1680
1214
8
47
1854
2434
1686
2303
2352
29
2468
2480
124
2355
2288
2192
2471
2330
2267
2439
13
127
1375
751
2453
85
2291
2362
2465
230
126
497
1562
56
2451
959
2252
2495
587
1359
2405
2449
2478
100
126
2486
2216
2450
2187
602
1621
2438
2447
2231
2463
2466
2432
117
2489
70
841
2454
335
2472
868
2462
2386
2216
2484
279
59
101
121
2153
939
2401
2445
61
49
1032
2280
2038
2303
74
2263
107
2465
2261
1187
1581
1457
511
22
91
2373
34
2456
2325
2381
2194
635
2472
2479
2452
2200
2314
91
92
2459
99
599
652
2302
2206
2435
2487
2002
1062
2443
2398
2407
187
2372
2469
1908
1990
459
2421
1459
2458
1664
989
2432
2442
2323
497
57
2464
2477
2484
2291
2308
2206
2382
106
101
253
85
2473
2095
2246
1716
12
47
2443
2388
1660
