#method=quickcheck
#elapsed_picoseconds=188059000
2480
50
740
2328
2489
25
102
2434
2027
2484
92
742
1924
2462
2195
54
2193
2225
84
2460
2440
47
2445
2490
1536
2299
2264
2414
127
2310
609
2493
2444
2492
2214
2397
2489
74
115
2288
46
41
2400
436
1416
2236
2441
3
2377
2456
2196
2425
2046
35
40
2469
2283
2489
2484
1511
2337
2490
2446
2374
486
2437
35
1055
1346
2467
2221
943
103
2438
2336
1809
1277
2211
98
1317
52
2205
2450
103
83
2454
2395
2457
2225
2483
1021
88
110
2268
50
2476
62
71
2444
27
1277
2347
2474
2433
484
2342
2468
2480
10
73
2408
2358
74
77
2480
2285
53
2258
2472
127
710
5
2122
2480
908
2205
2448
2376
2472
1032
11
2349
46
117
59
355
2417
1742
2284
2447
3
2484
2491
2176
949
472
2471
2348
30
2453
96
5
2270
2475
2293
636
2484
2284
2268
2458
2253
2486
2437
1366
2343
2482
1812
2188
2490
2398
2190
2474
2440
104
2489
2318
2374
2265
36
2476
106
2233
2442
1880
50
42
95
2445
15
2439
2025
2491
2409
2217
65
50
82
2454
2489
2285
2442
2440
2326
58
284
25
92
2455
2471
58
2456
1134
240
106
1426
54
49
2455
132
2205
2491
2425
1801
2344
2269
2486
1012
33
703
2447
2368
2490
2492
87
2457
1975
88
2478
2226
2379
78
2456
2443
1559
2190
617
2267
2318
986
2438
2293
550
69
2437
74
14
92
2217
2402
89
2459
1133
2257
2380
2435
2479
2470
28
2280
1096
1055
119
11
2451
2377
2323
2342
2458
2378
2470
2445
11
2491
2450
83
2384
1421
56
275
2382
11
2467
2486
2445
1004
61
862
75
4
2227
2478
127
2473
602
1099
2265
2478
125
2487
2376
57
2196
61
28
2493
2468
2484
2308
225
2317
773
349
2298
32
2494
86
2440
2392
412
2391
352
2435
602
2440
2461
2458
2489
2453
70
31
976
377
105
2454
2462
2448
2495
1684
45
1765
2436
89
1849
43
1004
2269
118
2298
124
2461
2364
2436
2474
2443
11
2446
2413
2461
2432
156
2478
2258
2466
2409
2345
1664
2404
2475
83
10
818
2490
2244
719
2297
2447
1295
40
1428
2491
2483
2237
2257
2234
450
2484
945
2436
2209
1204
2495
2482
2186
2452
48
21
2389
114
2061
2454
2446
2236
189
98
1709
2267
2317
6
2272
2393
2494
2329
2489
92
50
2303
29
1366
2485
2479
2463
117
2488
324
73
34
2198
158
2485
2088
2191
762
99
2469
484
1944
2199
2479
2463
2208
1929
2432
2275
2340
2239
2457
394
2424
2299
67
512
2494
2179
2352
2446
2470
877
1211
2375
15
2482
2479
2465
1899
947
70
2454
101
2476
81
656
79
2446
90
968
2410
40
56
2422
1031
23
2481
123
2280
52
2417
1704
2482
102
2227
2466
2448
518
458
1286
53
68
2491
1082
742
54
2462
90
2437
2466
2355
2167
2465
2262
2243
2471
50
2460
2124
127
2433
218
1641
619
2475
2461
1699
2494
2302
2269
124
49
2308
35
77
1455
2492
45
603
184
2184
2474
2109
2488
126
2447
1405
2495
2434
2221
32
56
427
2420
2451
1699
14
125
2417
29
2447
2472
2223
76
992
31
576
1402
895
126
760
1417
2207
91
2446
2441
86
2495
2441
1589
2255
2359
97
52
2486
610
93
762
11
374
52
2289
402
46
2469
32
154
0
1920
2424
2276
2488
2185
2494
2471
900
85
2476
92
2475
821
27
2238
2380
1072
81
110
2216
1865
2189
76
54
1644
1040
4
2291
2250
2479
18
2470
2239
1480
74
2479
2465
2002
2482
1679
2457
2438
12
863
2482
2495
2442
53
2446
2447
2483
1158
2307
2455
2348
20
31
1019
2483
2217
2454
321
31
2336
2465
1233
2438
2437
114
2462
2209
2478
2207
767
10
30
2431
1968
2281
1916
2230
2459
2207
2463
351
54
2089
21
777
41
2471
2478
2139
1256
2470
2251
2443
2459
1388
62
2489
2192
2273
2461
2456
56
2208
2472
1678
111
2372
2314
73
2465
2435
1331
2456
52
18
2471
2287
2494
2434
2399
2461
36
2485
50
105
100
2293
699
1210
2456
60
2468
2489
1977
791
2217
2456
2297
6
2488
103
1491
2314
2181
843
921
2489
2476
85
2433
438
70
70
2363
2453
553
6
2443
817
2176
50
2446
2340
2490
25
2447
1327
2429
1009
2489
2289
2488
951
2343
512
2197
2440
2231
1308
2467
1112
2489
16
2264
1044
74
2014
2446
2468
2182
2469
2470
99
2435
426
2449
118
2444
2438
1319
1486
1562
2078
279
2261
992
66
2447
1766
2368
22
930
2447
2247
32
7
77
1971
11
2201
2445
2486
2259
2461
2252
1439
908
659
1444
2454
2487
13
2464
62
2338
19
2478
2459
2354
2485
222
2253
2392
1201
2460
2477
2456
1635
2435
90
26
401
1699
85
91
2490
2493
2312
94
2369
1289
2453
2304
2446
100
2239
2182
2462
2464
2435
2461
78
508
1027
1621
92
121
2223
15
47
528
175
2333
1235
2444
477
833
1676
2184
46
2489
2280
1987
75
2008
522
40
57
1172
2466
2195
2443
94
2483
2490
2023
2495
2175
2424
2472
2034
410
2208
2344
337
2397
189
78
476
2409
2437
2439
2465
1070
2465
2494
21
95
599
2188
2294
54
25
0
2241
2274
2474
2446
1845
636
2477
2380
1458
951
2459
2420
1992
1854
2100
80
364
782
2259
1418
1534
106
38
81
2472
427
2452
2170
1273
1858
2382
2446
2484
2493
1901
88
2198
2268
2334
852
2299
81
635
2301
2313
62
2394
1946
1864
2375
2186
2475
2419
147
2284
2464
2478
2469
229
