#method=quickcheck
#elapsed_picoseconds=207598000
382
1412
643
2015
1028
874
364
1360
311
496
40
403
1634
1538
1702
1322
1313
1833
1613
90
773
1883
668
399
1949
1948
1013
732
1465
776
224
229
1191
1987
982
1622
1196
1795
1679
690
481
946
936
1066
1752
1913
1808
1043
1235
267
1690
1856
1058
389
502
591
474
1492
527
998
1732
927
1553
798
933
1766
173
639
1241
236
1864
1818
736
1735
1140
75
31
1624
635
193
251
1389
1280
604
365
488
719
1243
221
940
895
38
166
874
1134
1824
1874
1271
487
1901
1884
671
735
684
651
1547
1532
1670
739
1905
592
1154
1169
155
1011
1805
945
957
834
412
1351
898
1530
298
293
1341
1400
841
1466
1955
616
1186
1387
353
584
643
1262
738
1249
282
2047
650
980
241
1510
714
1008
1790
143
398
312
707
397
761
229
1269
1085
292
1379
378
1630
1417
1331
417
1150
101
1695
1450
478
2013
1113
1563
1565
320
122
1642
1942
707
947
723
1813
648
1174
1609
791
1841
1972
756
641
1322
269
1227
1935
701
1945
660
1440
857
1177
35
1529
1985
973
555
1249
239
1724
2037
1991
1164
556
2034
473
1547
2025
642
708
1780
1613
1085
1549
1571
1431
1722
212
1872
948
1618
97
802
653
1769
1532
807
2018
1450
603
1676
1446
999
1113
1173
1054
188
1566
136
1757
1398
404
0
1964
1916
1146
1602
1995
1811
1645
1840
912
1077
1261
101
1810
193
633
9
27
1623
972
2024
128
1474
1503
1018
337
1319
1190
1122
9
8
168
1776
1800
1613
1633
238
135
511
1555
1393
597
108
919
1818
1911
793
2028
205
1257
1747
2024
600
495
1140
276
496
1070
1396
1580
2033
988
1162
873
1735
950
1315
352
1515
871
1904
864
1595
457
1135
14
140
694
814
728
1293
586
1486
303
523
1048
1209
1256
730
2022
1206
349
616
1866
357
357
415
995
1330
1977
1942
989
1358
1649
679
803
300
389
527
298
1161
797
1239
1475
1372
309
1572
547
716
1968
1498
1497
1989
194
83
1390
1848
1405
704
1693
1096
599
21
1759
1276
1264
224
81
768
779
822
470
344
976
1376
89
1077
1284
18
1330
1783
1184
1530
722
715
192
1103
1322
217
231
1732
891
1450
1748
940
78
1708
1014
632
1009
120
965
173
965
1517
833
672
1415
588
1685
16
1373
1074
131
605
544
364
222
1532
388
2045
326
993
710
643
476
514
1879
1974
1067
28
1972
1707
630
1334
860
1885
247
1577
166
1562
1081
678
735
561
459
1729
1119
783
363
634
1680
173
721
1828
2002
1966
1792
1986
218
702
1871
762
905
243
1045
184
1159
743
1372
904
475
1453
705
814
354
93
1693
1524
1208
210
448
38
167
1607
1617
259
1941
1522
972
1108
787
2047
69
79
377
195
383
507
182
509
790
329
1735
1045
607
331
1210
756
302
1682
1579
1066
412
1000
779
973
772
1831
1609
1947
544
824
1372
630
491
642
272
990
1294
293
1145
686
1444
506
141
1714
1498
525
992
1521
1532
835
2002
183
1412
859
344
1272
24
1411
1340
252
536
1136
1758
1872
704
2007
1924
306
1643
216
1934
475
1581
1084
1996
604
1832
1959
870
1547
1988
371
1997
1109
1038
890
895
355
1706
864
1355
327
1238
1747
888
1360
1841
87
1420
1972
53
649
1043
624
702
1354
521
1871
101
1648
510
563
1052
342
1115
2004
1012
2047
1094
177
1385
584
1819
1324
996
1912
1989
603
1979
1024
48
1922
691
1870
720
1766
1930
307
733
420
247
1880
233
691
1614
1024
1709
269
601
741
1978
964
907
774
939
1988
1328
136
450
1315
2019
470
2025
1451
1344
1165
1909
1169
1524
1494
1020
85
934
1124
1536
1639
1407
1617
498
1373
45
1404
729
306
1617
1739
699
258
673
2040
614
1385
1887
78
1733
133
1008
1401
1691
108
100
1173
1157
1682
533
1661
33
408
480
1553
96
1899
1192
1666
1142
977
569
745
925
833
1884
33
58
854
81
1072
1784
612
1376
1227
1019
1683
1791
984
1882
620
379
218
1898
1379
1178
297
1862
699
1896
1199
1063
632
36
1269
863
833
1861
2
1374
484
1124
142
857
206
855
1233
272
1064
701
1263
1542
347
939
611
288
455
752
1118
1584
1744
696
541
1457
1770
1151
132
511
1393
217
429
669
16
1637
1235
1895
721
430
1624
551
1926
1292
1412
499
1035
927
317
1521
2044
1480
1220
1036
747
412
942
1656
907
1178
636
152
460
2029
728
1352
1217
675
562
1883
1913
925
428
89
1159
1274
170
1905
1786
1628
1721
1289
1610
377
1922
1510
110
650
1618
169
280
1749
1725
300
231
117
248
1200
15
419
246
1253
1534
1118
2010
401
897
1161
1574
443
735
1673
1825
1810
1331
1176
1217
1215
1579
1776
487
270
1996
1077
1198
404
95
1657
1865
1437
1598
1151
1485
761
2007
1772
1655
1493
1765
1529
398
109
20
387
1624
613
1881
1391
9
445
2023
1731
1830
1928
1139
20
1594
2002
1886
736
1153
838
1334
1812
944
81
1196
2028
1254
1069
996
3
1180
167
1336
831
50
3
810
448
52
700
871
1468
1006
1005
246
232
709
80
36
1986
2027
1995
1386
1765
1314
666
71
1572
44
873
1538
509
1402
2047
1149
907
1647
1566
438
690
1487
1003
631
1584
1733
1499
1697
784
1947
790
4
1200
918
460
319
1304
989
308
1979
1396
1482
1848
855
