#method=quickcheck
#elapsed_picoseconds=155080000
8
1102
1063
10
5
15
13
1109
144
1098
1109
1107
8
1111
1109
1074
5
947
10
68
0
3
565
0
0
1111
1069
1097
1072
277
7
1077
860
1106
1085
8
1107
14
1106
1111
723
1111
1069
718
3
724
1098
13
998
1104
1051
1104
9
1109
2
1110
1108
1104
1111
325
1104
1052
1109
1086
5
6
1110
294
1105
1045
1077
12
1052
822
563
1104
1106
1094
4
724
1074
428
451
760
14
15
1082
11
7
1054
345
1052
0
270
0
1059
1073
1044
1104
843
1105
1074
1097
468
1063
1052
6
705
574
13
308
962
746
6
707
1043
764
1108
1110
1060
1058
294
1111
12
1047
721
578
542
1090
1077
6
1106
52
1107
1106
1110
1047
9
1046
1053
1056
1110
1057
1108
1049
1054
1067
1106
9
1
611
8
1
1080
1105
1105
1042
627
789
1106
1106
8
1051
1009
1110
841
1061
8
127
878
40
15
1068
1106
1100
37
309
1107
5
1108
1103
3
1105
10
1031
1106
11
378
9
1098
12
119
1025
1040
1088
31
364
8
1108
1064
1104
1041
5
1108
1106
12
1105
1106
1107
1071
13
1111
1104
1081
1108
1101
1105
12
10
50
9
576
45
1110
1076
1060
1100
12
511
616
0
1089
17
15
1085
1053
1058
2
12
1108
1109
912
1060
154
9
1111
1092
571
8
1107
1107
1111
2
19
11
1102
1104
830
9
1076
1076
1073
1049
1079
818
1104
1109
873
2
1069
1081
1056
9
1107
1096
1104
1106
1105
11
1108
748
612
2
1108
11
10
1104
123
1080
787
1105
1109
10
8
82
1102
1094
1110
1041
10
1054
4
814
966
1065
3
1052
1052
1110
679
1109
3
1105
9
1106
1069
571
127
1109
1080
1099
1092
8
1109
1066
1064
2
13
20
1066
14
1104
137
1104
1105
1106
1107
775
1061
1072
1104
1108
1108
10
917
541
1081
1108
12
4
11
1084
3
1042
1063
2
3
306
446
1054
12
0
54
173
7
30
1045
1106
1111
1108
1097
1104
1047
566
793
1108
1105
1056
10
4
1
1111
382
166
1070
1104
1109
15
1080
323
904
1105
7
216
7
1055
6
8
132
1063
1093
1095
1054
3
812
1071
1108
1059
408
1042
1106
1107
1091
1109
1016
1104
9
1002
753
1097
7
1106
665
1107
503
7
15
1110
11
1108
9
1016
13
9
140
8
72
49
1053
1108
1064
14
1064
1109
1108
1076
10
1108
1106
4
14
206
190
1104
1106
9
1090
381
1099
997
1105
6
441
1057
1104
4
0
15
1052
10
0
1111
5
1085
937
1109
1111
609
1081
153
1104
1111
1049
13
1
1045
4
1100
8
1047
1109
1110
1104
7
1096
411
1108
839
456
1085
1009
359
573
1007
379
698
4
4
1111
414
15
1054
4
568
82
1045
1080
1046
101
2
122
1105
1108
6
10
13
1045
1015
1093
1055
1108
9
1100
775
1067
1110
1107
1105
1111
799
1107
3
1105
1105
12
5
1053
13
1040
13
1071
1109
1091
479
12
1107
0
1110
768
9
1076
6
1108
376
895
592
5
10
13
1045
1104
1107
386
12
1108
1073
930
14
1035
1083
3
786
1109
1076
1108
52
1110
1107
51
3
1086
1108
482
2
1110
1107
1093
1108
145
15
1111
10
828
79
1105
794
431
3
5
13
597
1040
10
74
1104
1062
1100
1108
1107
778
1111
1018
1109
13
7
9
1109
307
1047
15
1084
877
4
72
13
15
5
13
1084
1100
1107
6
12
1065
1059
1107
3
1107
3
1106
219
275
392
1030
1107
188
1064
60
995
1098
12
1079
1078
221
1104
10
682
1107
1111
8
245
283
1108
670
1104
11
15
1109
10
1106
11
5
1087
797
1058
11
767
1108
686
1104
1079
1105
422
305
792
212
966
1106
1108
6
1106
1054
982
904
3
8
1
361
12
1051
3
628
1068
680
1091
2
1073
14
1107
1108
333
1067
784
1098
1082
6
885
894
1108
185
1104
8
1075
1105
0
1051
12
7
498
6
9
151
216
309
1109
7
1106
1052
1107
191
1111
10
1088
1040
1107
1106
6
1108
970
13
274
1106
13
502
1106
5
1091
1109
181
1105
6
1104
1110
1111
322
1055
0
12
1028
1086
1111
1096
13
13
1109
1105
1044
1054
268
1077
6
1100
1105
10
1107
1071
1105
6
1070
1106
1107
1089
1111
5
907
1
15
6
798
1074
115
1109
1104
1064
1107
1108
116
1111
765
15
1093
1107
10
982
1107
462
1107
1081
4
7
1
491
1057
1054
14
559
10
12
63
5
15
265
1051
12
1
1088
1108
1047
1105
1077
875
882
770
1111
6
5
8
47
1045
3
1060
1051
15
1080
1106
193
638
13
1110
284
1110
8
1074
15
1108
757
1056
6
1092
1056
1081
1110
171
1106
5
1062
12
103
170
9
556
10
683
8
165
1060
755
179
15
9
1111
1070
2
713
3
1092
1111
179
1107
10
11
1108
1075
1090
12
1109
1
437
1107
10
14
963
1104
1
1105
1026
1110
1110
1075
1042
620
12
13
1106
245
1049
15
1043
0
5
11
1058
1049
228
955
10
15
1104
1042
490
11
763
1105
3
1110
1106
1074
1050
1109
241
15
11
4
1107
234
1106
1094
672
1088
1106
2
1094
1021
1105
1089
1106
1095
1045
1108
372
4
1055
1107
1109
1088
1073
1056
4
1041
1078
1081
1088
1106
1108
0
5
446
776
1104
299
