#method=quickcheck
#elapsed_picoseconds=228308000
6280
324
854
1224
6286
3469
6273
6273
6283
3344
26
1494
1831
5902
270
76
6272
75
263
3171
2569
6274
2188
1037
559
308
229
2475
1660
1934
5943
598
1832
84
5936
5035
26
342
4782
9
6286
1966
6274
6273
6285
892
6273
69
4418
1199
119
2193
58
419
2960
6284
2105
6169
29
6275
303
1520
4187
50
36
1192
96
3
1982
70
1902
1385
5657
3035
2982
1202
6283
175
2168
38
3892
5299
1062
6181
54
6281
931
4140
79
2139
1937
612
114
1607
4353
5143
6282
605
5108
51
34
43
3690
4208
64
811
105
45
74
6255
32
2903
755
5391
5983
393
1945
5419
6273
3918
119
44
105
2852
2135
5437
56
6286
75
3271
2931
34
6284
17
3654
1387
2489
658
79
6287
5980
93
798
6285
6273
2745
5280
328
100
6286
580
6286
84
113
73
6283
7
2348
32
797
3294
6
6272
5247
1690
6276
62
6282
1386
6279
6283
5340
2342
3347
93
1374
107
3393
2466
2775
125
2320
6286
5187
34
6286
6285
6061
583
6287
256
5539
4286
3098
2863
860
1425
3881
6273
6278
1644
36
5533
4480
685
1567
6283
53
2185
64
6284
281
44
20
2267
21
6272
113
8
5897
6272
6281
6285
6281
1222
6274
4824
605
6279
1632
6280
626
108
1884
6287
6277
3150
2763
706
5799
0
1001
3534
25
749
6275
2439
66
6285
6282
60
4742
6281
3651
34
6286
343
3434
1633
6286
6276
2899
1702
39
93
6285
6277
6286
6281
73
6275
45
90
6284
6287
435
121
125
1084
112
731
6286
4
54
435
3213
6283
5543
24
6281
664
2964
3159
2339
6279
56
102
815
6272
76
2583
6285
105
691
6283
1312
36
5664
3
6272
0
6272
6274
6273
837
6274
1651
151
65
125
6204
4447
957
537
1274
122
6280
6279
93
6273
771
5708
34
930
8
33
6286
5082
1931
6276
582
4289
53
6284
6276
1740
6275
2911
11
846
1659
991
5666
6279
4496
1893
1006
4369
789
901
1520
4525
516
27
3863
4263
2057
1713
362
0
20
6286
3940
6277
3329
5602
6283
6284
3768
117
662
6281
6285
25
6283
1989
2126
6278
2557
1148
9
3941
6283
6276
6274
4432
6285
6276
51
881
3282
34
72
6281
936
6282
100
0
6276
6272
6286
3082
6272
1527
215
6272
6279
2349
1884
4201
6279
6272
6275
6273
75
12
80
1742
6281
80
6280
88
15
6284
4869
6284
5599
6276
6032
1826
6277
27
3887
6273
387
124
1246
14
55
1593
1051
2686
124
3539
6280
96
6117
5359
6287
65
3992
6281
6280
6286
1709
6287
3045
73
88
5996
71
3827
1238
21
5565
19
3902
42
6274
3140
4616
998
4563
74
30
6273
486
126
2392
8
1854
6280
5160
3866
6286
38
2997
3790
905
6276
1112
6278
3287
33
6272
615
3075
6283
6277
126
3531
6283
871
6272
4079
85
2665
4141
6278
366
1440
1613
111
87
6273
51
1523
6275
1888
55
963
2580
3918
2436
2025
6001
2386
362
1042
125
2511
1698
65
6276
648
131
6276
1769
109
6276
446
5969
395
6285
2022
6284
2478
5163
3267
18
30
2122
27
3096
6275
6274
1476
4334
34
105
97
1856
6278
6274
425
91
4230
949
6274
744
2681
6284
0
459
209
2795
119
68
1632
72
120
1109
734
2441
90
2337
5015
1265
467
143
119
11
6285
3925
67
107
30
6205
6141
2491
2001
3853
27
1933
107
17
1710
306
239
6279
1888
1231
6275
35
5550
4218
6273
6283
6280
6275
38
2651
6276
806
1996
951
673
944
1181
6285
16
124
2920
3415
121
93
6287
2710
1526
2253
1509
118
6272
6284
236
2159
6277
4171
83
3
6281
114
2161
4675
75
5493
6282
37
6234
6274
666
3264
6275
2328
4953
1
2137
17
91
4626
59
3907
0
6278
5013
28
9
5436
5483
61
4983
4114
5984
6273
10
6277
2269
9
6281
892
98
6285
4430
1680
104
28
2846
6275
123
4514
6278
197
6286
58
20
624
79
1962
2983
6279
109
95
4238
6281
6280
556
2940
59
5160
78
2500
2332
409
51
6286
90
66
11
6273
5028
6286
859
20
4624
6274
4998
5330
106
4696
3609
6281
272
2540
5497
77
1960
6272
5527
1804
5916
895
38
4088
1208
944
4292
107
6286
13
5932
6276
3610
3389
118
5018
5245
6281
6274
5711
1322
6276
2145
3671
1996
6279
5323
5707
2254
6282
1608
6272
180
6279
66
486
3578
6273
6287
1119
103
103
1011
266
6285
1279
430
43
20
11
1213
1263
50
1879
6274
294
1543
6274
4680
44
3436
4010
1447
1795
6282
790
2845
107
20
35
379
1855
58
909
1520
106
3362
50
1673
1856
99
109
3490
6275
1079
57
6283
6285
6286
1341
6279
989
119
6276
4852
0
103
6274
4963
76
492
47
1427
23
1131
6287
6280
90
6273
6276
614
6275
1209
51
2064
1824
786
63
587
6280
6287
91
5848
52
6286
986
4129
6276
1176
67
2069
6280
1464
3900
6286
25
6282
6275
2686
5053
5494
6276
126
6287
813
72
84
505
1657
123
762
65
464
3493
88
6285
6285
420
6274
6286
940
1267
83
56
861
1752
375
108
6272
6282
1498
105
6278
3394
6286
66
4299
6285
70
805
93
201
2077
6058
684
1172
6278
5613
2270
1913
6279
115
6275
6274
6274
2297
6284
72
4105
6273
56
6281
3907
5825
118
1979
3811
1250
5626
6283
6284
115
12
6101
2550
6152
59
1052
102
361
6283
31
5001
5346
6272
137
6272
113
97
3114
36
3601
55
2137
3063
5587
19
2556
283
6276
9
