#method=quickcheck
#elapsed_picoseconds=190403000
2018
2368
2293
1468
2260
2469
72
2173
1401
2489
1361
1479
2476
2417
13
10
76
2427
2388
2460
2
54
928
941
2453
90
2421
2485
624
90
2270
90
1812
2450
2439
74
471
1730
2341
94
1246
2490
2362
77
1404
2430
111
2480
1150
2339
323
2483
2308
2265
106
2428
2280
91
2204
1866
2254
20
2484
2383
1737
881
2095
434
14
1319
1932
277
2489
2461
56
117
2298
2353
49
2335
1796
2002
17
34
2206
2425
2447
1623
2451
93
2491
2439
86
1784
49
66
68
2347
2350
2409
2464
1640
2364
2387
518
2486
202
568
2338
500
2447
387
2426
2199
1881
2274
2474
2355
1359
2489
162
2375
2365
2291
2485
2305
352
622
2456
2271
2145
830
2420
2423
70
2273
315
1352
2479
2456
2459
108
2434
958
15
2356
2465
1005
1704
2452
265
16
2442
2453
2356
93
2315
2308
2363
2491
1056
2452
2473
82
2255
1505
33
94
660
47
2484
2351
2221
86
2359
2240
2408
500
2433
571
2446
32
2436
79
2444
45
2448
99
2475
24
2459
2436
28
2446
2277
2358
93
2295
2439
1541
406
1312
754
73
15
2098
656
2351
2434
5
2331
2482
345
77
2459
2375
2050
2471
646
2446
2287
353
2259
2447
2299
2391
1280
2195
2402
2471
2399
2377
2203
2315
1737
699
2433
84
2309
2235
51
70
4
1151
332
1242
2482
2473
2445
109
2465
157
2442
2232
1328
523
2229
123
2338
2479
2212
7
69
2487
586
2459
89
68
2458
1079
2444
308
2279
2205
2447
70
2294
119
2362
85
2213
2303
42
122
2476
2450
2102
2466
2265
414
120
65
50
2450
103
2312
1867
2183
2427
2302
2462
1013
2432
2281
29
30
2463
901
2361
2249
1296
2486
42
992
741
1783
2356
46
2479
262
197
8
2434
2347
2366
107
1420
41
2147
1626
2488
117
2372
2198
2434
2238
2212
73
57
1331
2448
21
77
2467
2459
2442
2450
1710
2269
2486
1285
2465
76
34
1460
1542
1641
2459
1235
2257
1500
39
2480
2445
2489
2489
339
2465
61
2461
2469
2467
2411
2453
2487
1083
2344
2473
111
36
2039
2349
997
2206
316
2439
2417
2428
914
1340
1359
2295
2125
959
2476
2492
2278
2268
9
2438
42
1660
2337
2442
2273
123
680
126
617
1021
2474
1812
80
674
2302
1841
2205
10
513
78
2319
2471
79
21
4
116
2215
2254
32
2294
2179
2420
887
2254
1382
2474
97
2436
2481
357
2495
2371
2441
2311
650
58
619
2488
105
2439
1320
2439
2319
22
2277
2044
1086
2470
2450
763
1712
2457
2243
902
85
432
2345
1245
2426
2460
30
2471
1343
2495
1209
92
66
2410
1631
1327
2294
2
1388
1906
2178
2377
2483
2344
2449
2240
2432
2213
2281
2446
2377
5
40
22
2436
721
2434
627
109
274
345
645
2438
2268
499
2449
2453
44
97
4
2359
1745
2493
2370
2458
2398
1255
2480
2371
2388
43
303
2431
528
2492
57
1162
56
2450
2407
1668
2464
60
2
35
68
0
2449
2453
43
1212
13
2231
7
1685
57
2462
2319
513
498
1212
115
2449
2442
2352
2459
2269
2484
1274
1017
1090
2444
2265
1917
92
64
999
2450
2448
8
2276
49
2256
75
2401
10
2379
2439
467
36
2455
1304
2438
61
2232
1170
2473
1483
2190
6
1013
2460
2455
66
490
2073
2306
2445
2478
36
2453
2333
65
2465
1094
165
2386
56
288
201
25
469
2238
2203
113
43
2253
841
840
103
7
2451
67
1593
2190
40
2457
2453
375
67
2308
0
662
2266
2475
2194
2444
2285
953
2488
2061
1411
2264
2447
1750
2408
1591
2452
2482
1014
118
1352
2290
64
209
20
2432
2453
2288
2438
2252
2484
71
1765
31
2212
83
2304
75
1870
2473
2189
13
2458
1889
2377
2171
242
2188
69
751
2196
100
2446
2325
2293
66
2414
2366
2484
1975
2442
2324
1694
2422
2184
2184
2451
1525
109
40
2435
94
2454
2461
1977
2335
2351
2305
1621
840
27
37
600
152
2463
949
2189
2457
440
2487
2457
1420
1912
2205
2454
976
1080
2487
115
2452
18
13
2195
2478
2269
2391
592
2442
2245
151
1870
2271
2379
2484
1595
523
2403
2384
2456
2446
2467
76
29
41
1736
2425
2204
2450
96
1715
2369
2193
78
1263
2477
2289
2455
127
2481
2308
2464
2216
2394
2222
2334
2203
2211
1878
2471
2422
44
46
2184
1182
16
5
116
2341
2490
2432
1535
2379
2243
2284
40
53
277
892
2270
2476
16
2016
13
2361
2432
1628
2185
2493
2423
2219
2182
117
2343
2321
87
97
2187
1767
2468
1023
26
57
125
91
91
123
31
2493
29
2447
67
2465
1455
2199
2247
93
2269
2352
83
2447
2427
2264
2273
2476
2363
2294
2462
1811
2460
2476
2447
335
90
372
2213
119
1411
2448
2319
39
2100
1861
2472
1261
1384
3
14
2229
834
2200
125
28
737
2412
1298
2488
162
2494
2427
2119
2319
2206
2473
2295
2309
1796
2471
2443
64
68
30
2073
110
61
2424
2373
2276
45
817
24
2283
2437
102
2220
1240
2188
110
2268
2328
2494
2242
2445
764
18
294
126
2466
1498
1766
2294
2263
2381
2436
2087
2486
125
2330
74
2192
2335
2480
2205
1759
2439
2361
116
2058
2
2456
24
1267
2460
2467
2485
2445
2435
127
1878
87
560
2477
101
2137
1334
2352
2441
2294
559
108
2471
19
993
2446
21
2481
2445
2267
2295
2477
2446
61
74
6
106
60
2195
897
2475
686
2466
2436
9
2475
62
2481
2287
75
95
2248
2407
49
33
1656
1352
2141
