#method=quickcheck
#elapsed_picoseconds=171474000
1104
2
628
1064
1105
10
6
1110
891
1108
5
630
788
1106
1059
2
1057
1089
5
1108
1108
15
1105
1106
400
1099
1064
1086
2
1046
497
1109
1104
1108
1078
1069
1109
0
3
1088
7
7
1072
324
280
1100
1109
13
1049
1108
1060
1097
910
4
9
1109
1083
1105
1104
375
1073
1110
1106
1046
374
1109
3
943
210
1111
1085
831
14
1110
1072
673
141
1075
10
181
11
1069
1110
10
1
1110
1067
1105
1089
1111
909
2
5
1068
7
1104
1
15
1108
1
141
1083
1110
1105
372
1078
1104
1108
15
0
1080
1094
2
0
1104
1085
7
1058
1104
3
598
7
986
1108
796
1069
1108
1048
1104
920
4
1085
4
7
3
243
1089
606
1084
1111
5
1104
1107
1040
837
360
1111
1084
10
1105
15
15
1070
1107
1093
524
1104
1084
1068
1110
1053
1110
1105
230
1079
1110
676
1052
1110
1070
1054
1106
1104
7
1109
1054
1046
1065
8
1104
0
1097
1106
744
14
5
8
1105
7
1111
889
1107
1081
1081
10
7
12
1106
1109
1085
1106
1104
1062
15
172
15
4
1111
1111
5
1108
1022
128
10
290
10
13
1107
20
1069
1111
1097
665
1080
1069
1106
900
11
591
1107
1040
1110
1108
1
1105
839
7
1110
1090
1051
14
1108
1107
423
1054
505
1067
1054
874
1110
1093
438
10
1109
10
4
6
1081
1074
4
1111
1021
1057
1052
1111
1107
1106
7
1080
984
943
1
4
1111
1049
1059
1078
1106
1050
1110
1109
14
1111
1110
15
1056
285
4
163
1054
2
1111
1110
1109
892
8
750
2
8
1091
1106
11
1105
490
987
1065
1106
8
1107
1048
7
1060
7
10
1105
1104
1104
1044
113
1053
661
237
1098
10
1106
11
1108
1064
300
1063
240
1107
490
1108
1109
1110
1109
1105
1
3
864
265
15
1110
1110
1108
1107
548
5
629
1108
6
713
5
892
1069
1
1098
7
1105
1100
1108
1106
1107
1
1110
1085
1105
1104
44
1106
1058
1106
1081
1081
528
1076
1107
13
3
706
1106
1044
607
1097
1107
159
0
292
1111
1111
1101
1057
1098
338
1108
833
1104
1073
68
1111
1106
1050
1108
15
13
1061
0
925
1106
1106
1100
77
13
573
1067
1053
11
1072
1065
1106
1065
1109
12
13
1103
5
230
1109
1111
1111
7
1104
212
2
7
1062
46
1105
952
1055
650
14
1105
372
808
1063
1107
1107
1072
793
1104
1075
1076
1103
1109
282
1096
1099
15
400
1106
1043
1088
1106
1106
765
75
1047
9
1106
1111
1105
763
835
4
1106
4
1108
8
544
15
1106
8
856
1082
3
9
1094
919
6
1109
14
1080
9
1089
568
1106
6
1091
1106
1104
406
346
150
9
12
1107
970
630
2
1110
14
1105
1106
1091
1031
1109
1062
1043
1111
2
1108
988
11
1109
106
505
507
1111
1109
563
1106
1102
1069
1
5
1044
14
4
319
1108
0
491
72
1048
1110
973
1104
1
1107
269
1107
1106
1085
5
14
315
1092
1111
563
4
5
1089
8
1107
1104
1087
1
880
10
464
266
783
5
648
281
1071
9
1110
1105
1
1111
1105
453
1055
1095
10
4
1110
498
12
650
6
262
1
1089
290
15
1109
1
42
12
784
1096
1076
1108
1049
1106
1111
788
6
1104
9
1107
709
15
1102
1052
960
6
3
1080
729
1053
1
15
508
928
9
1091
1050
1107
7
1110
1103
344
12
1107
1109
866
1110
543
1109
1106
5
751
1110
1107
1106
7
1106
1107
1107
22
1043
1111
1084
9
10
907
1111
1081
1110
209
7
1072
1109
97
1106
1105
7
1106
1073
1110
1071
655
14
14
1103
832
1081
780
1094
1107
1071
1107
239
11
953
15
665
8
1107
1110
1003
120
1110
1051
1111
1111
252
14
1109
1056
1073
1109
1108
4
1072
1104
542
10
1044
1050
9
1109
1111
195
1108
4
12
1111
1087
1110
1106
1071
1105
0
1105
3
8
5
1093
587
74
1108
12
1108
1105
841
679
1081
1108
1097
8
1104
6
355
1050
1045
731
809
1105
1104
9
1109
326
1
14
1099
1105
441
9
1107
705
1040
5
1110
1076
1106
8
1107
191
1101
897
1105
1089
1108
839
1079
400
1061
1108
1095
172
1111
1000
1109
13
1064
932
2
878
1110
1104
1046
1105
1110
10
1107
314
1109
9
1108
1106
183
350
426
942
167
1061
880
7
1107
630
1040
4
818
1107
1047
0
15
11
835
5
1065
1109
1110
1059
1105
1052
303
796
547
308
1110
1111
10
1104
9
1074
0
1110
1107
1090
1105
110
1053
1064
65
1108
1109
1104
499
1111
5
13
289
563
10
0
1106
1109
1048
15
1041
153
1109
1040
1106
1
1103
1046
1110
1104
1107
1105
2
396
915
485
13
15
1087
3
9
416
63
1069
99
1108
365
721
540
1048
12
1105
1080
851
13
872
410
8
10
36
1110
1059
1111
14
1111
1110
887
1111
1039
1096
1104
898
298
1072
1080
225
1069
77
3
364
1081
1105
1107
1105
958
1105
1106
11
0
487
1052
1094
11
12
8
1041
1074
1110
1110
709
524
1105
1052
322
839
1107
1092
856
718
964
5
252
670
1059
282
398
14
5
6
1104
315
1108
1034
137
722
1054
1106
1108
1105
765
4
1062
1068
1070
740
1099
0
523
1101
1049
5
1066
810
728
1047
1050
1107
1091
35
1084
1104
1110
1105
117
