#method=quickcheck
#elapsed_picoseconds=221138000
14
111
3668
101
2665
6285
18
6282
5461
3893
61
6275
52
6275
53
6276
95
1555
6277
5862
6277
2389
112
6274
4735
6272
5409
6277
4835
5997
6276
1544
6287
372
6279
6272
6276
25
7
2248
5204
4509
4602
2792
1760
5489
25
93
2377
3841
646
3848
103
92
6272
4317
2012
6273
156
1488
2562
6285
6283
4822
4114
3975
1116
6274
6272
3914
77
3598
6278
23
16
43
6285
6215
6283
6277
4829
721
648
2612
86
550
6272
112
51
2
2958
622
1438
1257
6287
3828
6273
307
77
1859
35
385
337
54
6281
6274
6279
6286
10
5055
6274
4061
6272
122
6275
4090
5013
1886
1573
110
448
2064
422
822
106
22
1513
286
62
5919
97
31
1134
118
6272
96
1967
6277
124
6276
1959
2387
110
6285
59
9
6274
29
6284
1315
835
6277
1517
6281
1527
5809
657
29
6275
305
4066
710
5030
3810
6272
68
6281
6272
85
1523
89
5759
6281
1586
60
2141
1548
551
110
6286
6279
6272
97
6285
1
3284
1272
108
6278
49
6030
212
108
6208
600
5325
1850
2408
662
21
3809
4475
22
6143
1833
72
6274
1721
41
1588
1697
4883
821
6284
278
3414
4460
98
2044
67
72
1655
79
3919
85
443
6280
6272
6272
85
3079
6278
3477
5473
69
6284
6275
6274
964
4331
3790
4981
1216
748
896
5854
63
6279
6272
6273
72
3313
6201
2574
6286
5335
6276
20
68
3494
6284
213
4048
6275
299
5676
1114
6275
175
1142
5914
22
6274
6286
4894
6282
6031
37
6284
1418
5172
20
6274
97
1645
37
360
76
3528
6279
6276
4582
4761
2439
458
1401
285
6276
6275
6272
65
2940
2526
6
2
16
4801
6163
6273
6274
1572
6273
6136
781
24
340
6286
6279
373
6277
6287
6287
6282
620
589
1377
4547
1495
42
5030
6283
6278
57
6278
5812
116
6284
638
6281
60
6057
6057
5182
3690
1836
6277
6279
6276
715
1884
79
6284
367
14
6280
6282
3013
1375
1651
1089
6277
1733
108
2105
6276
6284
1108
1133
36
2538
3491
6285
6015
6277
108
6282
6272
107
1945
6282
661
1379
74
459
1853
6272
2438
6264
90
6281
6285
5325
6165
6281
6283
872
41
6274
94
4315
1717
1543
5406
44
3762
6277
6279
3760
25
4823
699
1136
57
5591
6276
92
3660
4140
121
6275
6278
4167
162
73
4898
6284
1800
30
5832
6279
13
6286
6276
4922
39
697
461
3464
14
113
6278
4739
120
4319
1418
43
2560
1328
30
6283
4868
4585
33
6272
6272
6020
4358
23
63
2549
6285
6277
6283
120
373
4949
6274
6282
2207
2952
6286
3142
1926
1694
75
6272
78
5136
63
986
3010
77
6277
841
20
80
1567
6285
1848
6279
34
38
3354
6281
1820
19
76
1104
450
3615
6285
1750
29
463
1894
1
48
6272
385
320
116
6272
46
6274
6280
2364
1868
6285
1967
51
788
6275
107
3575
61
81
125
5166
121
4912
2764
91
6132
1432
1080
94
6278
6287
6279
6281
52
3427
57
610
6280
5941
2974
2252
3079
2736
28
2923
329
1394
682
6272
34
442
61
6272
4020
1393
357
2788
63
6273
1972
3709
6272
6283
6280
85
6204
23
102
4163
109
6284
6279
5864
2057
6282
6284
33
3888
6285
1529
2060
6272
1144
5
5972
2469
47
127
6274
1549
908
45
6283
6282
325
1793
125
6287
685
3068
6275
54
1451
4278
70
6280
2428
276
4
5910
6276
4485
7
3585
1531
6279
15
388
5039
6276
6279
3846
1886
879
2360
3393
88
502
6274
6283
3328
6281
4954
6283
4157
8
5143
5381
240
781
6274
6273
5742
1382
2229
35
99
6281
4434
6283
6282
2798
5560
4391
1710
26
23
1433
6281
1966
30
1505
2336
6281
1320
33
1945
675
79
6276
113
6284
627
6278
6277
6130
6103
114
15
89
75
1178
6284
2790
1603
6277
6276
6284
1623
107
6279
1480
3484
3264
6280
6277
1197
5700
628
4021
6280
78
115
6
714
4
51
2757
6285
6280
2890
2005
5879
2553
112
6267
3403
97
2157
46
6273
12
38
20
173
122
961
4743
6272
6278
1292
28
96
961
1841
6279
2167
3927
6149
829
6278
3072
5064
3152
6275
5986
5
388
6287
3443
6277
1383
3605
2766
6084
1747
1883
6274
4986
62
15
213
1012
59
1777
6228
6228
6281
2856
6279
86
84
6283
1689
1106
6287
1440
6072
5510
816
6283
6278
113
6273
6275
6280
6278
518
278
1398
743
6275
89
30
1056
85
79
1252
4871
5703
3893
6283
103
1764
1134
6285
6285
6273
2280
117
1538
4137
6274
6280
51
6279
946
21
2125
2614
2212
290
127
6276
6279
4924
5525
73
108
1885
24
57
22
26
1495
635
125
86
294
106
92
1469
1674
1137
39
5312
4801
2053
6279
2842
5172
1318
988
1497
4153
122
2981
2555
2614
59
6277
6279
789
524
937
121
483
6287
6272
1440
6283
6176
21
6285
6271
1925
2069
431
3662
71
1211
6272
6082
6281
6280
6272
653
6278
64
595
5295
1777
1650
2119
126
6275
937
486
119
6282
74
6273
98
5048
3418
1486
6282
6286
1567
6285
842
12
88
4341
6084
346
4079
6286
2536
104
1068
6280
6277
2416
6282
90
1390
5642
6282
6279
72
6275
1013
9
6285
6284
6280
3283
4358
6285
6283
26
6278
73
6279
1041
44
370
6286
79
109
63
4084
127
6287
83
80
5268
5696
5097
2583
6282
2071
6287
5393
1555
426
6274
109
107
5384
186
330
72
6276
9
6287
6276
116
72
3747
6285
1484
24
6004
745
119
4163
0
50
6283
3015
80
