#method=quickcheck
#elapsed_picoseconds=243441000
3247
1939
1339
150
6284
2128
5348
1235
6281
6285
1813
6274
37
2526
1330
1942
6276
6280
1194
6283
4213
791
6279
5193
1196
72
95
78
1704
6273
4789
3661
6275
6279
5438
6278
77
6284
1399
38
597
1643
10
1563
6280
16
6276
1399
52
49
622
13
5862
6286
98
6280
6277
6285
3327
97
6273
6284
6286
658
6277
2509
5147
301
29
6274
835
2097
14
1571
2402
5668
116
3894
269
17
3985
86
11
65
379
2
6279
438
92
3524
121
133
106
1394
6102
5
44
6286
3638
367
6277
6287
112
6276
6285
50
1630
102
2725
385
1238
6282
6101
53
4175
88
6276
1547
287
69
6275
2842
1720
1610
87
84
6277
3308
32
58
1613
6285
1478
358
3327
61
6275
1289
31
1958
125
5249
2446
6282
6282
6281
8
6273
2934
806
6272
52
90
18
6283
302
3317
581
3173
314
1489
906
2164
1798
110
1743
1701
42
107
83
926
6274
1027
6282
6278
5508
105
6276
6287
6274
6276
2496
99
23
6283
5783
1492
5600
217
552
82
1170
5548
2714
6279
144
5256
6107
6274
61
6285
6273
6285
6272
6276
1841
423
440
1742
71
309
2227
885
56
3813
1412
6283
6279
741
1753
89
361
119
1826
64
6282
6280
540
19
43
332
27
64
121
3831
1751
56
1645
4050
6285
21
2968
2373
1399
2099
648
2710
392
2012
2287
6272
910
1423
6277
62
49
6283
10
1377
2659
95
6285
967
5155
2734
26
563
6282
6209
4012
15
1496
123
6281
4222
4625
97
37
1882
6287
434
6281
5600
620
5495
103
1122
1881
50
21
172
6278
1986
4505
122
30
66
6275
4916
49
3697
0
1478
3649
2785
6286
679
70
5755
4266
73
6280
6280
1617
4791
736
3939
6279
127
6282
10
3416
981
546
99
802
6281
99
2006
2651
1194
110
886
6285
2776
6278
6203
3192
109
6274
3017
5742
32
3605
4027
6273
51
36
2712
103
6284
842
6273
119
1084
78
1376
1765
842
28
1644
503
1977
5863
4955
65
60
69
3602
6020
1577
4758
42
704
3099
2789
89
4770
6275
1428
6281
6287
214
6281
7
10
4225
5622
2141
222
110
6275
1183
3554
716
93
5024
3715
4917
1064
1731
6272
35
1206
2773
6284
6282
1232
6281
2937
1439
6272
6276
5115
2068
4607
1882
478
1593
5
88
88
2410
4188
1520
6063
2734
2459
95
6284
5854
41
60
608
1
129
108
959
1027
95
6274
28
6281
55
6281
6287
732
6273
3248
6274
1578
6280
98
6083
71
1418
124
4127
96
1064
1298
6273
6213
5119
209
6273
313
6280
51
1653
1542
6285
310
76
6278
997
9
1722
4711
6273
1612
35
1330
1761
1702
2451
1333
5990
6274
6276
654
94
24
5668
6286
1633
82
6277
6274
4910
503
6279
1712
4258
6272
3607
5094
6281
73
68
3270
5841
5191
6282
3457
62
3451
6280
97
3215
4212
16
119
4045
124
831
756
1342
4902
5539
6272
41
5706
11
6287
80
949
2574
1768
5864
155
550
3418
5436
51
36
6279
6277
1891
94
764
1805
1544
36
6212
355
469
1188
14
19
2578
359
5946
2227
73
2126
2480
5251
2095
6281
3552
5790
949
6285
395
467
3
6283
3727
222
1873
6281
6287
56
6281
6287
3291
6278
6
1336
4607
58
6275
750
5910
605
6286
6273
2465
4841
6274
6278
4324
1161
101
6287
12
3766
26
2073
430
4845
5583
1129
6272
815
6272
2373
6286
120
5757
2147
6283
6275
5640
101
6281
72
67
920
1597
1723
3063
550
1675
79
79
1822
90
2955
4484
7
856
6279
54
104
617
100
3111
3438
3025
2175
983
6279
1931
6274
6282
4
80
6275
19
1658
1366
77
2080
190
5923
4347
5
6284
1591
61
6279
102
2112
4317
6280
95
3709
26
2457
4836
177
95
6287
454
5402
1533
6283
997
3262
154
81
2177
6272
2282
386
59
6274
4512
2315
6285
104
3110
6284
2258
6284
392
8
5394
6284
6284
64
675
3487
4900
6280
83
3445
1490
6287
1165
5692
790
13
4300
1101
6280
28
1745
81
6282
69
26
34
105
19
15
6287
3735
5588
269
4537
893
117
1031
47
6276
6286
39
5217
6283
4904
2133
1027
1365
12
2883
1639
1897
6276
4721
5953
30
6277
5327
102
76
6274
523
21
1622
6276
23
700
0
1417
4469
654
863
6209
48
4005
5211
6277
2723
5939
6283
5315
3068
6275
678
6278
5184
1799
6283
6275
1758
2822
11
3033
4860
115
1642
6276
9
779
1100
322
4649
59
6286
6275
4540
4829
648
6275
6286
1112
4191
66
253
6286
2693
5088
904
7
6277
83
13
408
23
52
32
6123
926
6278
6280
24
123
5540
1359
2695
2858
1162
2089
16
1966
5329
335
6284
6281
6279
1524
4857
3504
6275
6274
2540
4159
2842
7
6284
6275
55
6272
92
2614
5947
45
1544
1749
2128
5811
1377
118
138
4802
1718
53
0
27
2472
4278
6284
3661
1426
4570
6278
103
6278
1521
2394
923
5646
6280
1544
6279
6277
6256
4937
4237
2419
84
6276
2572
3705
1982
6278
1603
80
6283
4744
24
85
6110
376
1525
6277
50
6273
3827
6279
1787
6284
6279
6272
4407
2025
566
1930
2590
2045
6281
6275
5666
49
3999
6272
6283
114
5216
4534
6285
5149
3569
580
6276
72
6280
6276
5782
681
1050
4674
783
2091
6272
3683
6045
4445
2194
6286
6068
65
76
6279
994
1089
6284
124
204
3048
5529
1224
5347
46
6272
2486
849
6065
2923
6276
1779
7
6276
108
77
6275
2359
6287
120
1
6284
6278
55
3075
1399
1457
127
