#method=quickcheck
#elapsed_picoseconds=267637000
6285
98
740
2976
6275
49
78
6280
2027
6282
52
742
1924
6285
6027
102
2873
5297
36
6273
6280
87
6276
6274
1536
3759
3084
3114
127
5638
609
6283
6276
6280
4250
2709
6285
26
107
4948
94
81
5032
436
1416
5656
6282
11
3765
6275
5100
2673
2046
67
88
6279
6143
6277
6272
1511
2957
6281
6274
3278
486
6285
67
1055
1346
6283
3057
943
79
6275
3688
1809
1277
3319
74
1317
108
4997
6272
71
43
6281
3615
6277
3817
6279
1021
48
94
4984
106
6285
118
15
6280
51
1277
3191
6272
6280
484
5926
6281
6287
26
25
3812
3506
26
21
6283
2713
101
5318
6285
127
710
13
2122
6275
908
3837
6281
6180
6273
1032
19
4789
94
109
115
355
3445
1742
2284
6273
11
6287
6283
4076
949
472
6284
4664
54
6276
64
13
5522
6283
4777
636
6283
4888
4752
6285
5525
6284
6287
1366
2399
6278
1812
4680
6272
2902
2326
6282
6282
88
6282
2394
6238
4505
68
6285
82
4229
6273
1880
106
82
63
6274
31
6272
2025
6287
2669
3037
9
106
34
6287
6273
3837
6283
6284
2210
114
284
49
60
6282
6275
122
6275
1134
240
82
1426
102
97
6285
132
5685
6274
5733
1801
6132
6225
6281
1012
65
703
6284
4492
6286
6277
47
6278
1975
56
6279
5498
4219
22
6280
6275
1559
4898
617
4079
4038
986
6274
3189
550
5
6285
18
30
60
3805
2722
57
6280
1133
2817
4840
6278
6275
6273
52
2864
1096
1055
103
27
6275
4969
6031
3602
6281
4514
6275
6279
19
6284
6274
43
2944
1421
112
275
2970
27
6273
6280
6283
1004
117
862
27
4
2823
6278
127
6273
602
1099
3033
6278
125
6274
4088
121
2528
117
52
6274
6286
6287
3772
225
5085
773
349
3322
64
6277
38
6273
2400
412
3867
352
6272
602
6279
6286
6272
6276
6272
14
63
976
377
89
6279
6285
6283
6274
1684
85
1765
6275
49
1849
83
1004
4113
110
4526
124
6272
4208
6280
6277
6283
27
6286
4841
6281
6280
156
6279
3654
6279
2517
3797
1664
2812
6275
35
26
818
6275
2644
719
3005
6276
1295
88
1428
6274
6277
5485
3145
2354
450
6273
945
6276
5153
1204
6277
6278
4090
6275
96
37
3805
106
2061
6277
6274
4080
189
74
1709
4503
5605
6
5928
4925
6286
3773
6279
60
106
3447
53
1366
6274
6283
6285
109
6277
324
25
74
3546
158
6281
2088
5031
762
67
6283
484
1944
2835
6286
6273
6128
1929
6282
3903
4324
2847
6283
394
4388
5639
3
512
6286
2667
4660
6280
6284
877
1211
3479
23
6280
6272
6277
1899
947
6
6272
77
6284
33
656
31
6279
58
968
4246
80
112
4026
1031
39
6275
115
5256
100
6193
1704
6277
70
5687
6274
6272
518
458
1286
109
12
6284
1082
742
102
6273
58
6274
6287
3407
2167
6284
2426
2603
6285
106
6274
2124
119
6275
218
1641
619
6272
6277
1699
6280
5602
5581
116
105
2268
67
21
1455
6284
85
603
184
5332
6275
2109
6285
118
6272
1405
6278
6278
3701
64
120
427
5012
6284
1699
30
117
3461
53
6277
6274
5347
28
992
63
576
1402
895
118
760
1417
2227
51
6275
6284
46
6283
6287
1589
5159
2667
73
100
6272
610
61
762
27
374
100
2245
402
94
6285
72
154
0
1920
2860
4916
6276
2925
6275
6284
900
37
6282
52
6273
821
51
6150
4248
1072
41
94
3432
1865
6245
20
110
1644
1040
4
5631
3942
6274
42
6277
4551
1480
18
6278
6282
2002
6286
1679
6279
6272
28
863
6277
6287
6281
109
6284
6273
6285
1158
4035
6276
5484
36
55
1019
6283
4349
6284
321
63
5604
6272
1233
6272
6278
98
6286
3917
6287
2879
767
18
62
3327
1968
5777
1916
4158
6277
2887
6282
351
110
2089
45
777
81
6277
6272
2139
1256
6273
3883
6274
6278
1388
118
6286
4744
4813
6280
6273
112
5132
6284
1678
95
2920
3066
17
6286
6285
1331
6283
108
34
6274
4491
6287
6281
5403
6281
68
6280
98
81
76
5993
699
1210
6276
124
6278
6287
1977
791
3005
6287
2425
6
6273
71
1491
2874
4385
843
921
6273
6286
37
6285
438
14
14
4227
6287
553
6
6273
817
5612
98
6279
2268
6272
57
6280
1327
4749
1009
6284
2225
6285
951
3063
512
3441
6272
4099
1308
6284
1112
6278
40
4916
1044
26
2014
6284
6283
3610
6275
6282
75
6283
426
6287
102
6280
6275
1319
1486
1562
2078
279
3569
992
10
6273
1766
5716
46
930
6277
3311
64
7
21
1971
19
2993
6280
6286
4303
6274
3676
1439
908
659
1444
6279
6279
21
6280
126
3018
35
6274
6279
3602
6276
222
3749
5228
1201
6284
6272
6279
1635
6276
58
50
401
1699
45
59
6274
6281
4464
54
3697
1289
6277
4984
6272
76
3443
3482
6275
6282
6273
6283
22
508
1027
1621
60
121
5603
31
87
528
175
6153
1235
6286
477
833
1676
2380
86
6281
6208
1987
27
2008
522
88
113
1172
6274
5175
6274
54
6276
6276
2023
6275
2175
4884
6280
2034
410
4384
2224
337
4317
189
22
476
3977
6273
6274
6278
1070
6285
6280
37
55
599
5148
3246
110
57
0
4709
4982
6278
6277
1845
636
6275
4804
1458
951
6287
2876
1992
1854
2100
40
364
782
5879
1418
1534
90
70
41
6278
427
6284
2170
1273
1858
2926
6278
6285
6282
1901
56
2326
2312
2906
852
5111
41
635
3261
3325
118
3986
1946
1864
5543
4054
6283
4683
147
2320
6275
6287
6276
229
