#method=quickcheck
#elapsed_picoseconds=185475000
1892
6
12
10
1325
227
669
970
1564
202
0
4
13
40
8
0
345
0
13
57
223
1939
258
7
13
2
7
41
14
8
145
4
14
0
98
53
0
16
136
1
1618
16
2124
1337
832
14
1662
0
192
13
0
271
1
5
130
1681
15
127
1
2047
5
6
237
1
1
14
0
1
16
1
16
3
199
133
92
4
1649
17
2
0
206
41
8
247
0
1188
5
42
0
5
11
14
1
13
211
109
458
11
190
0
1
1
148
226
0
9
1
0
0
165
1
125
13
245
177
11
11
261
925
256
1
1
0
234
9
43
0
609
1
49
25
0
2081
1
188
5
183
4
1
2142
130
1
12
578
1963
215
26
2
0
317
14
541
0
1
1
1171
1
126
0
11
260
0
1206
249
16
380
0
1375
16
677
1265
162
248
53
0
12
1
267
208
113
1
214
2239
25
0
1654
2174
231
17
2295
6
161
248
212
265
10
15
219
1837
2259
10
1
239
18
15
5
1870
1
75
0
703
15
0
1
261
0
618
1
1
59
631
1548
1366
1009
12
1606
70
11
1086
14
1188
12
0
10
1918
784
40
265
12
245
0
3
180
0
7
1175
25
0
2315
1136
1
232
1013
161
0
2201
9
48
7
1590
1635
269
16
1
0
1979
1592
817
1797
0
517
0
0
1239
1525
13
1
1
2
0
9
1646
0
1
13
211
1126
37
1
2009
14
38
77
41
1603
0
1
5
1818
0
161
1797
0
5
1943
14
1
102
0
1597
0
559
2319
1300
15
2240
5
9
1
0
158
269
15
3
4
0
1031
2060
1
1899
17
58
0
4
1
0
1279
88
9
2302
16
59
0
2180
910
6
2152
53
0
8
13
17
124
1103
218
3
4
47
11
3
2
19
2
1
193
113
11
15
8
1
0
619
122
490
127
72
1934
2318
222
0
12
2010
2134
0
1794
7
12
1086
163
6
1
83
962
1277
515
194
378
673
0
11
48
1
1
1322
6
1095
1
1
1610
1924
776
36
1225
5
5
591
2115
67
6
231
1607
1820
1160
1629
1
0
0
8
439
1
2152
1
0
1488
31
650
73
1729
70
8
1703
1
185
2295
17
0
4
0
1
15
17
104
1
265
1739
1
103
221
1721
1
270
1747
1511
1820
15
2147
167
0
1
162
1
197
4
1
131
0
88
1
2263
210
150
4
109
0
0
1962
4
0
158
0
4
857
270
168
1780
1
103
20
7
1082
2
462
109
0
990
13
217
1712
2215
1
225
425
13
1577
93
1
219
171
1410
16
6
11
0
1
1094
0
5
1427
10
1
5
210
228
62
15
87
152
12
8
1
29
16
0
1117
6
17
2051
7
0
1802
4
43
17
600
4
2142
240
201
61
0
0
4
1
266
463
985
6
256
1
0
1
2
605
996
11
0
68
11
1308
14
163
1598
1
9
15
129
1
0
6
1
1
15
16
187
1
163
113
7
5
17
1
1
399
207
1
0
0
47
139
193
7
23
0
7
1
0
16
8
17
2144
2
9
469
0
144
72
1955
1280
1189
1802
1
157
1368
12
2
5
11
2
3
887
1
0
38
121
0
1
903
140
16
215
3
0
699
1769
10
5
1062
101
0
1
2279
0
7
201
0
251
1185
1
184
2205
12
38
2295
194
211
0
11
1
1
264
1
197
0
582
259
1
1
250
89
1
81
200
66
2011
1
532
139
0
471
14
0
581
192
2
1
0
152
1667
0
20
2240
3
1913
1
1
10
1
12
221
1086
1
0
268
680
1441
10
26
0
190
1
222
170
11
1
2207
1
0
0
440
130
1842
9
0
86
1116
80
100
0
126
55
1166
14
62
71
1
2
1147
81
6
258
17
1
46
14
14
138
1
1676
1
102
2251
68
251
0
164
71
306
2165
37
4
821
7
25
2
1634
129
173
248
1158
14
783
6
566
1
4
140
322
1472
13
0
0
9
8
2126
17
8
0
0
0
11
17
0
17
1544
12
13
972
50
0
206
140
17
13
2229
12
39
0
0
0
5
17
1
7
14
0
48
0
15
14
1
1
52
1963
5
1
1997
471
1108
7
997
11
1
1655
98
1
0
988
81
1
2
1
9
1
9
1350
1104
1
1496
609
8
1936
11
0
2
14
12
0
5
420
1068
1
18
0
1082
12
79
1899
10
1
3
1841
10
70
1879
1
1519
2238
244
167
224
1584
1
2027
15
0
1
11
3
0
16
0
14
231
1
616
1941
6
916
1851
10
17
0
0
15
6
13
1
1158
2016
16
1
2204
128
1043
0
69
533
1
15
0
3
3
272
14
2
479
235
156
3
1561
1
2275
604
2073
27
596
0
103
1496
1
456
25
267
1
5
145
12
20
1032
1236
1
0
175
28
34
1
6
1
7
1184
1
19
68
2161
15
2112
1
1
172
1
35
1
11
205
265
1
30
5
436
0
