#method=quickcheck
#elapsed_picoseconds=163382000
545
15
1077
1082
1055
1111
1062
961
36
1107
1106
1101
598
1063
1106
1109
1108
4
275
425
338
800
234
1110
1089
570
5
1091
1107
7
1104
9
1068
145
3
1107
1052
6
573
438
1082
1057
4
11
68
221
1109
735
1106
715
1093
5
1106
225
1111
172
1055
1105
0
10
9
1109
1106
1071
1108
10
1061
3
8
1077
1101
1
6
9
60
1105
1100
8
5
525
690
11
699
1072
12
393
2
1098
275
428
10
520
1104
1052
1083
1
99
1057
408
372
3
1105
1111
1106
1046
435
408
1107
11
258
829
1056
0
1086
1101
1072
1047
1047
1088
1096
1041
128
1111
1110
11
5
1106
1077
1102
490
1107
541
2
1073
1
297
146
990
443
1111
259
12
1062
1109
1074
1109
9
805
639
1054
984
1064
3
11
639
300
1057
1105
1057
1109
1090
601
1108
1110
777
77
1059
13
445
1105
344
1110
1099
1070
1110
1077
1107
14
1043
122
1074
4
686
1109
1108
1083
1104
0
7
1083
1075
945
874
5
539
1107
726
1106
332
1094
1107
234
1061
1105
241
1109
7
1052
72
7
566
1082
1107
12
1104
1107
9
5
1084
6
1080
9
1067
11
14
1108
1092
1107
1099
1063
1110
14
1063
1110
1108
952
1108
777
12
9
233
1106
1105
1088
551
1103
1105
558
484
533
15
915
332
1047
1052
1088
752
1106
1051
1028
0
9
1085
1111
11
1080
9
999
9
1110
810
1057
11
4
11
6
1084
695
1056
1102
716
8
4
1111
1050
1105
13
1111
185
1072
1108
1107
1093
14
496
986
1058
1063
2
11
1042
1104
56
1032
5
1094
1046
792
1073
8
1104
41
5
1106
142
1067
1105
1108
1067
10
1108
3
652
1105
1108
1107
1054
3
1052
1104
932
9
9
1076
10
286
1108
1101
566
10
1111
1068
1109
1042
1062
7
1070
1052
1108
1059
1102
769
9
1107
674
1061
1107
1091
6
2
310
245
1052
1084
1061
115
10
9
1106
2
7
11
8
1104
3
648
2
5
1068
1071
318
329
1106
1100
334
875
1104
1056
1082
793
177
1108
1
1107
1110
1089
1110
7
1104
1078
143
1058
1094
1104
1041
13
10
1111
1106
1107
1104
555
1044
1107
1104
119
1109
1
1108
997
258
495
1109
8
300
1106
861
1107
5
1107
6
1111
3
1104
7
1104
2
180
321
48
1100
852
382
1110
609
440
2
1047
1054
1105
7
966
1109
10
1041
1106
1042
799
15
1051
7
1104
8
1105
1107
232
435
671
953
114
1109
1111
250
504
3
3
15
1086
367
14
7
3
130
41
1105
15
1104
331
1109
294
1108
1107
1070
1106
1080
1110
40
1051
642
1106
1111
5
1104
1068
3
1107
1041
1040
8
552
731
3
1106
1050
547
1073
1110
921
1055
3
16
7
696
1110
1030
858
1079
1111
1098
1
1104
381
1055
1068
604
1062
1106
1048
1046
9
1107
1111
601
1108
842
885
3
451
11
15
13
1106
1107
1110
1104
1109
1105
8
974
234
1110
68
12
14
477
1042
182
1111
1088
789
1106
16
2
10
1111
0
0
1104
488
1105
4
1061
623
1106
1105
10
1107
1049
4
1105
0
759
1110
862
1082
10
1107
9
498
1069
1107
1052
1057
1052
12
10
1090
6
1108
1020
1
3
4
7
1053
13
11
10
481
1109
10
9
711
632
1100
1063
1109
1108
35
1106
1069
1070
274
832
1
953
1109
4
1044
6
593
1024
1109
1105
6
202
39
1041
1041
1104
9
1057
489
1111
361
1106
1109
906
1057
0
1076
238
1107
2
14
1062
983
687
8
0
1109
417
1105
1071
861
1111
510
342
1107
1097
1076
993
546
1104
0
11
7
130
372
1111
1105
1070
1107
478
251
1057
919
180
6
116
1057
447
2
1111
1101
1084
1106
1110
610
1097
1
1109
1109
6
4
1047
1109
8
1104
9
430
1105
3
855
1109
1101
1062
1103
396
13
6
263
1090
612
412
688
1108
1106
1110
704
14
10
15
944
0
1046
653
14
694
484
480
6
343
1053
1
13
1069
363
8
1108
1071
3
831
1108
198
274
1072
1110
1108
1104
14
1095
1082
1087
1110
1054
744
1104
1048
1104
920
1104
1088
7
7
10
15
1105
792
1060
4
8
2
794
1105
2
0
647
1052
1107
44
6
381
43
1076
1111
253
1058
1109
2
2
1094
224
1111
556
8
862
895
443
1054
6
226
1056
519
1077
1111
1084
1111
14
231
1108
445
750
1100
1106
65
1106
1061
1054
1105
1111
1047
1105
282
1109
1109
1106
1107
1108
590
9
884
1069
1103
1103
1096
621
1068
4
0
1064
1054
1109
1103
1109
1076
252
1108
661
700
849
1108
11
1076
1045
741
1108
8
357
1099
1107
348
1107
1106
1100
431
2
1105
14
373
1043
1107
521
1077
1104
6
1070
1110
136
1105
210
1085
1104
1041
3
1097
1042
1091
417
918
754
1104
1
1056
594
1106
1056
6
14
1104
214
1066
1110
1075
14
922
1089
1054
1054
10
572
1058
1101
13
870
15
1110
1106
1082
5
1108
1052
1075
878
202
1
788
1109
1045
3
281
1087
1104
710
1108
1105
9
788
1104
9
388
757
8
6
2
658
1108
1066
4
1106
11
1108
1107
1111
522
1087
424
9
83
1090
2
1003
1068
259
1106
692
497
142
960
0
4
1065
480
1074
527
13
1111
1104
1109
181
