#method=quickcheck
#elapsed_picoseconds=199436000
882
1040
1093
332
1060
1109
0
1037
265
1109
225
343
1108
1089
2
4
15
1099
1060
1104
9
14
816
829
1109
12
1093
1105
512
8
1070
13
676
1110
1107
12
359
594
1077
9
110
1106
1098
11
268
1102
10
1108
1038
1075
211
1107
1044
1065
15
1100
1080
9
1068
730
1054
10
1108
1055
601
769
959
322
2
183
796
165
1105
1109
5
0
1098
1089
4
1071
660
866
12
1
1070
1097
1111
487
1107
1
1107
1111
3
648
8
14
10
1083
1086
1081
1108
504
1100
1059
406
1106
90
456
1074
388
1107
275
1098
1063
745
1074
1110
1091
223
1109
50
1047
1101
1091
1105
1041
240
510
1108
1071
1009
718
1092
1095
15
1073
203
216
1107
1104
1107
3
1106
846
12
1092
1109
893
568
1104
153
10
1106
1109
1092
12
1051
1044
1099
1107
944
1104
1105
15
1055
369
6
3
548
12
1108
1087
1085
15
1095
1040
1080
388
1105
459
1110
5
1104
5
1104
2
1108
1
1111
1
1107
1104
8
1110
1077
1094
3
1095
1111
405
294
176
642
5
10
962
544
1087
1110
8
1067
1106
233
2
1107
1047
914
1111
534
1110
1087
241
1059
1107
1099
1063
144
1059
1074
1111
1071
1049
1067
1051
601
587
1109
6
1045
1099
7
5
5
1039
220
106
1106
1105
1109
12
1105
45
1110
1096
192
411
1093
6
1074
1107
1076
2
0
1111
474
1111
15
14
1110
967
1104
196
1079
1069
1111
11
1094
2
1098
9
1077
1103
5
11
1104
1110
966
1106
1065
302
4
2
15
1106
6
1048
731
1047
1099
1102
1110
901
1104
1081
7
7
1107
789
1097
1049
160
1106
6
880
629
647
1092
4
1111
150
85
0
1110
1083
1102
11
284
9
1011
490
1104
3
1044
1062
1106
1102
1076
12
10
195
1108
9
14
1107
1107
1110
1110
574
1069
1110
149
1105
15
3
324
406
505
1107
99
1057
364
11
1104
1105
1105
1109
227
1109
15
1109
1105
1107
1083
1109
1111
971
1080
1105
11
11
903
1085
885
1070
204
1107
1089
1100
802
204
223
1095
989
847
1104
1104
1078
1068
6
1110
4
524
1073
1106
1073
14
568
11
505
909
1106
676
9
562
1102
705
1069
4
401
0
1055
1107
15
13
2
6
1079
1054
15
1094
1043
1092
775
1054
246
1110
13
1108
1105
245
1111
1043
1109
1047
538
9
507
1108
7
1111
184
1111
1055
13
1077
908
974
1106
1106
651
576
1105
1043
790
12
320
1081
109
1098
1108
2
1107
207
1107
73
8
6
1082
495
191
1094
10
252
770
1042
1049
1111
1080
1105
1040
1108
1077
1081
1106
1049
12
11
0
1108
609
1106
515
4
162
233
533
1110
1068
387
1105
1109
4
3
6
1095
609
1109
1042
1106
1070
119
1104
1043
1060
6
191
1103
416
1108
11
26
14
1106
1079
532
1108
13
9
1
14
13
1109
1109
15
76
5
1095
7
549
1
1106
1055
401
386
76
14
1109
1106
1088
1111
1069
1104
138
905
978
1104
1065
781
7
2
887
1106
1108
15
1076
9
1056
6
1073
2
1051
1107
355
14
1107
168
1110
15
1096
34
1109
347
1054
11
901
1108
1111
14
378
937
1042
1105
1106
15
1109
1069
5
1109
982
53
1058
4
176
89
13
357
1102
1067
10
14
1053
729
728
13
10
1111
3
457
1054
14
1105
1109
263
2
1044
2
550
1066
1111
1058
1104
1085
841
1104
925
275
1064
1107
614
1080
455
1108
1110
902
7
216
1090
2
97
11
1108
1105
1088
1106
1052
1104
2
629
6
1076
6
1040
0
734
1105
1053
10
1106
753
1049
1035
130
1052
3
639
1060
1
1110
1061
1093
7
1086
1102
1104
839
1110
1060
558
1094
1048
1048
1111
389
11
9
1107
13
1110
1105
841
1071
1087
1041
485
728
1
2
488
40
1111
837
1053
1105
328
1111
1105
284
776
1069
1106
864
968
1107
8
1108
14
13
1059
1106
1069
1063
480
1106
1045
39
734
1071
1051
1108
459
411
1075
1056
1108
1106
1111
8
14
12
600
1097
1068
1106
0
579
1041
1057
8
127
1105
1089
1107
14
1109
1044
1108
1080
1066
1086
1070
1067
1075
742
1107
1094
15
3
1048
46
13
11
1
1077
1106
1108
399
1051
1043
1084
11
2
165
780
1070
1104
9
880
0
1097
1108
492
1049
1105
1095
1083
1046
7
1079
1057
7
3
1051
631
1104
911
4
13
5
8
9
13
12
1109
10
1107
15
1105
319
1063
1047
15
1069
1088
6
1111
1099
1064
1073
1108
1099
1094
1110
675
1104
1104
1111
223
5
260
1077
13
275
1104
1055
3
964
725
1108
125
248
10
8
1093
722
1064
1
10
625
1084
162
1104
50
1110
1099
983
1055
1070
1105
1095
1045
660
1111
1107
12
0
13
937
10
12
1096
1045
1076
12
705
14
1083
1105
14
1084
104
1052
3
1068
1064
1110
1042
1109
652
9
182
11
1110
362
630
1094
1063
1053
1108
951
1106
11
1066
14
1056
1071
1108
1069
623
1107
1097
0
922
12
1104
5
131
1108
1111
1109
1105
1111
8
742
10
448
1105
8
1001
198
1088
1105
1094
447
11
1107
9
881
1110
12
1109
1105
1067
1095
1105
1110
3
3
14
8
10
1059
785
1111
574
1106
1104
10
1107
10
1105
1087
10
10
1048
1079
8
11
520
216
1005
