#method=quickcheck
#elapsed_picoseconds=176021000
7
1
55
60
161
385
40
7
14
1857
1948
79
8
169
432
579
790
0
9
15
8
14
4
628
67
16
1
133
2041
1
2130
1
238
7
1
773
222
0
7
8
188
227
0
1
6
7
2059
5
956
13
199
1
800
11
1189
10
225
811
0
0
1
1347
1100
113
1202
0
103
1
0
247
271
1
0
1
6
1663
142
0
1
11
4
1
17
114
0
7
0
204
17
14
0
6
894
222
253
1
9
35
14
2
1
1915
1857
620
24
13
2
381
1
12
3
226
0
128
79
242
25
25
130
74
19
6
1221
472
1
1
2048
247
208
8
1269
15
0
179
1
3
12
12
5
753
13
0
40
1419
52
431
1
3
5
160
14
234
1
1
17
14
227
695
227
2151
196
3
830
648
11
7
101
1
11
1255
10
1900
77
48
1612
247
749
0
21
12
52
0
4
651
454
189
698
0
1
61
53
11
8
1
17
1517
12
1396
2
72
377
8
103
855
3
1811
1
30
6
1
4
124
553
0
498
357
1
1
126
0
186
1
109
1
0
606
198
1381
77
233
1080
0
233
636
274
10
730
15
0
1
11
596
539
194
17
209
2147
12
2
3
1
13
2
25
222
258
10
748
221
6
0
1
191
1037
1
250
1
9
1
2048
4
99
1
0
1
0
62
13
98
208
10
0
0
829
92
691
1
1237
7
242
666
1425
135
0
10
12
36
41
0
1
84
618
14
6
1
136
24
14
51
0
1366
7
1
524
8
45
2011
558
173
0
726
1
14
1771
1502
1449
160
1
158
2038
14
1
1
246
0
12
1358
271
8
0
873
238
375
212
232
1
112
158
1118
229
208
3
1
2161
16
103
665
69
0
0
16
7
222
254
39
17
0
1
2292
0
1
1
0
506
1
10
0
1
238
49
16
3
1688
206
16
13
1542
98
188
7
15
526
1
1953
672
259
1184
1
1106
184
9
100
136
1078
211
1
0
2029
2060
1433
322
17
86
1597
2066
9
295
1
1626
3
4
17
2155
0
10
2048
3
1937
1
313
0
629
1
626
1
718
0
2
7
2
78
6
16
928
3
2
0
89
32
527
1
12
1759
0
211
1388
20
17
1
29
1
986
0
1603
2209
2
9
9
11
12
2079
1909
4
14
1
1
1
64
13
0
1
1
16
7
639
1
1714
5
1599
12
1286
1981
48
2224
122
480
14
221
4
1716
969
1
1798
238
1
629
211
18
0
2
5
1
1444
220
13
51
2300
3
33
1
14
1
6
1692
8
4
185
1889
76
1
634
7
161
238
2
168
1120
90
88
1
1333
909
7
938
12
3
1
9
1
1
1
1172
1509
276
614
1051
2303
0
4
8
1316
6
0
0
7
148
16
1281
258
15
320
6
0
0
1093
0
0
978
10
2291
0
231
13
388
2215
0
1113
155
0
971
0
13
2104
8
124
0
1793
1
16
47
1977
158
227
30
0
0
132
0
422
6
1
1
0
1
159
1
1
0
15
299
0
1
17
2
78
233
1615
1818
9
868
239
48
4
14
1
7
1631
0
214
0
15
10
611
2123
0
4
13
147
83
1990
1
227
11
1553
11
1404
383
8
227
0
118
4
925
0
0
232
5
5
0
0
2047
11
1391
241
11
1669
16
8
2181
267
246
7
4
554
0
1
1
8
14
1109
1983
240
1593
8
17
35
9
2
0
14
35
9
0
1789
79
254
1768
1716
4
75
1
2199
471
0
0
25
2191
0
510
1
4
1939
1
13
1623
79
104
209
14
1
0
13
260
14
14
2
418
1940
1784
6
0
0
1
2
0
216
7
0
8
14
2
0
9
31
1
1
175
17
0
486
241
1
13
782
12
16
50
1700
1794
1258
0
137
124
257
1052
160
10
462
218
2046
14
1770
258
1
1
0
1
2039
2
102
0
0
0
16
1575
0
0
9
30
553
10
0
7
17
118
1081
15
36
1163
0
0
136
14
1745
10
0
8
13
9
32
0
4
98
13
55
1509
190
2009
0
13
278
7
16
142
1356
11
1360
39
32
331
913
89
2251
16
1923
1575
2128
1661
2078
12
1
2
111
81
81
138
7
110
0
0
170
224
711
81
2303
246
2
2058
11
10
7
1250
1
54
151
11
454
0
3
77
1625
2
341
1092
78
5
0
947
0
7
213
337
15
183
1590
0
176
856
6
1667
4
191
1786
211
1
75
20
69
7
8
12
1402
1
34
12
572
226
0
0
770
12
236
2104
181
0
16
259
224
32
0
10
228
143
1
12
1
1384
348
252
1
2178
158
53
8
4
1
6
671
215
1
7
65
798
16
1462
1823
1
14
722
1
10
7
0
0
0
8
1862
108
0
1856
1
1590
2009
1833
8
193
10
1
5
68
0
5
46
17
1188
2
3
16
14
0
0
235
2
180
13
1
1457
1446
1299
3
