#method=quickcheck
#elapsed_picoseconds=157253000
6
7
1088
13
1045
1105
11
1111
1049
1085
7
1110
12
1110
13
1110
5
419
1107
1054
1107
1053
0
1111
1087
1110
1073
1106
1083
1041
1107
408
1106
260
1109
1109
1111
0
11
1088
1092
1097
1094
1088
624
1049
7
6
1093
1093
534
1044
13
11
1111
1081
876
1108
44
352
1046
1109
1106
1042
1050
1051
1004
1104
1105
1070
15
1050
1104
11
0
9
1105
1075
1105
1106
1081
609
536
1048
7
438
1109
14
5
7
1078
510
302
121
1108
1084
1108
195
6
723
5
273
225
3
1108
1107
1111
1110
2
1071
1106
1057
1111
15
1106
1070
1077
750
437
7
336
928
310
710
14
7
377
174
1
1091
0
9
1022
15
1104
4
831
1104
1
1104
823
1099
1
1110
10
5
1108
12
1110
179
723
1104
381
1107
391
1089
545
14
1109
193
1050
598
1074
1098
1105
3
1105
1111
7
387
14
1059
1110
450
2
1005
412
439
10
1105
1110
1108
12
1105
10
1076
136
6
1110
3
1046
100
15
1056
488
1057
714
1080
550
2
1061
1043
7
1087
697
4
1110
585
6
452
561
1075
709
1107
166
1070
1060
2
908
14
11
519
4
1075
1
331
1106
1104
1110
8
1083
1104
1073
1101
11
1105
1106
1111
852
1083
1078
1053
80
636
784
1062
3
1111
1105
1105
15
1045
1073
1066
1107
1075
1111
10
11
1078
1104
101
1068
1106
187
1040
1002
1106
63
1030
1090
10
1108
1110
1102
1105
1047
2
1110
282
1056
10
1110
14
509
9
248
3
1100
1105
1107
1054
1089
1075
346
265
173
1107
1109
1110
6
1092
1078
11
15
5
1093
1103
1106
1107
436
1105
1060
669
1
228
1106
1108
261
1109
1110
1109
1104
508
477
241
1059
359
6
1046
1107
1108
7
1107
1076
0
1105
526
1106
3
1049
1061
1046
1066
700
1105
1105
1107
603
748
1
1105
255
8
1108
1111
1065
239
515
977
1111
597
14
969
1105
1110
996
1021
4
1098
1103
1106
1043
1106
2
1108
1111
15
809
1104
549
243
4
347
717
1109
1046
1056
8
1104
1104
1061
1081
1109
1108
760
4
1107
13
1095
581
407
1062
6
1102
1107
1106
1056
12
1083
587
1024
11
1059
1109
2
1068
1092
15
1104
1104
1095
50
11
1098
1104
664
14
1096
1108
2
1111
1104
1058
1
585
349
1096
14
5
1109
1051
1
1083
282
4
1100
192
12
1108
1068
1085
12
1107
1104
1100
1070
0
7
1057
1109
1106
1108
8
261
1073
1110
1106
1063
1040
1109
1054
790
558
11
1111
1
1072
2
874
1062
6
1108
729
1
7
431
1105
712
1107
2
10
1094
1107
684
7
13
992
338
1087
1107
614
3
351
758
11
15
1108
273
208
4
1106
4
1104
1106
1076
732
1111
831
12
676
1111
7
1079
4
0
1
1094
8
1068
1044
7
1072
296
968
8
1111
1104
1110
1107
1
1079
13
498
1111
1045
1046
1096
1043
1092
11
1099
217
258
570
1110
0
330
12
1107
1068
257
245
1056
13
1109
836
1077
1109
1110
1110
14
1072
14
15
1075
11
1111
1109
1064
921
1110
1104
15
1096
1106
393
924
1106
1032
15
1080
1097
11
9
1111
413
796
14
1109
1109
213
657
8
1110
573
1076
1104
14
315
1078
0
1106
1096
164
6
1090
1104
1073
6
1045
395
1107
1
276
1103
1110
1107
1070
750
767
1060
1057
13
390
1110
1105
1056
1105
1062
1107
1101
0
1099
1041
128
669
1105
1110
1098
246
1069
0
14
1106
1066
1110
1107
1082
1048
1083
574
8
2
297
1109
830
10
369
1072
1105
184
12
809
563
5
1105
15
1108
515
1109
1110
1086
1067
9
14
9
4
42
1108
1046
467
1108
1105
1110
487
0
1107
344
1040
1060
1109
1105
61
1080
516
1097
1108
12
3
10
602
4
3
1045
1108
1106
1082
869
1051
1053
15
1087
1079
0
1021
5
1107
15
3
0
61
1
849
1063
1109
1110
156
1
1
849
705
1106
1031
1079
1097
717
1107
1092
1064
1040
1106
1050
10
276
1109
1059
1111
247
1057
1058
1060
611
747
1111
1062
8
0
101
900
5
641
1080
1088
1104
1096
1109
12
1
1108
553
994
1109
304
1048
1050
704
1110
1108
3
1108
1110
1105
1108
406
166
262
631
1109
9
0
944
7
6
116
1067
1079
1057
1108
2
628
1022
1109
1108
1110
1044
4
402
1057
1110
1110
7
1105
834
10
989
1090
1056
178
10
1110
1104
1084
1057
10
6
749
15
15
7
0
359
523
8
8
182
4
8
333
538
1025
3
1048
1073
917
1111
1042
1044
182
876
361
1057
14
1057
1071
1090
14
1105
1111
677
412
825
0
371
1106
1108
304
1111
1040
4
1107
1095
789
933
319
1090
9
75
1110
1098
1107
1104
1108
541
1104
10
483
1079
641
514
983
5
1106
825
374
2
1106
13
1107
10
1072
1062
350
1108
1105
431
1108
730
4
7
1045
1072
234
1055
1109
1084
12
956
1107
1107
1096
1111
15
254
1054
1106
1108
15
1110
901
7
1107
1107
1111
1043
1066
1105
1106
7
1107
14
1105
929
12
258
1107
4
5
2
1048
10
1109
3
5
1048
1060
1077
1079
1107
935
1109
1073
419
314
1106
11
1
1088
74
218
15
1105
11
1104
1104
12
8
1047
1107
348
7
1080
633
11
1075
7
9
1108
1047
1
