#method=quickcheck
#elapsed_picoseconds=355397000
134
215
17
1486
3
0
483
28
16
2317
217
418
194
92
183
187
0
25
17
0
1
929
206
2287
8
0
1372
1
591
1085
0
0
1
5
90
17
220
126
0
15
867
16
366
3
1561
566
458
272
371
20
1791
1
230
23
4
2231
11
573
706
236
1911
12
1
13
4
7
1315
10
1571
1140
6
14
9
1872
0
12
1856
46
120
0
15
0
2
164
4
0
281
11
17
14
1
9
2101
0
1683
0
17
689
17
9
3
4
2199
0
99
6
0
249
1526
373
1339
42
41
942
1891
13
2
170
80
2043
885
13
1115
16
103
17
185
1532
1611
17
11
0
1292
1781
90
6
7
1
6
16
0
107
5
1239
1471
1
1
102
198
816
624
1475
696
199
102
18
1
11
0
0
0
0
2071
505
6
32
23
110
2
6
6
17
1
1
1122
17
3
7
864
4
0
0
8
213
1
913
1
0
2
192
821
1158
1614
1
17
1270
1
1
1
1586
146
17
1
0
140
183
169
1
2038
6
0
1746
11
187
0
58
1
240
1
7
3
1171
71
0
119
1
398
7
1
7
127
1087
17
2
129
820
5
1240
1299
2065
4
237
1916
1425
1
116
1
51
1
0
731
393
0
209
47
0
1
1
6
500
126
0
0
12
218
11
1
0
1
13
36
1666
34
163
1
1
11
8
1
4
45
13
0
16
1
1
93
55
232
1
0
865
1550
1
16
177
9
221
5
0
144
1
975
675
10
0
138
924
1104
1
1067
5
127
107
657
201
0
211
67
2216
2038
0
0
1
1507
1
107
771
17
628
8
1138
16
0
2
1
3
507
1
2
2
1497
407
1
112
13
14
0
1
195
76
1
1
2068
0
7
2
17
148
1030
4
107
252
2279
181
1
20
0
1150
13
0
183
192
14
0
6
502
2174
237
150
16
0
9
1369
781
16
28
3
5
2289
1786
1486
1432
482
9
1
191
58
4
1055
8
17
1569
10
2302
175
5
14
4
16
219
0
1
1
2065
1
130
0
102
15
1507
15
0
1
474
0
1
1
1828
1
631
96
1
2183
557
610
144
8
147
15
14
6
1
99
213
139
1419
845
65
1
3
10
180
120
1599
1759
1
0
1109
249
0
513
1408
4
2207
13
199
11
1
252
1274
45
2023
1749
0
1808
1853
2124
187
258
338
13
229
178
86
1
994
1
0
4
85
894
212
0
0
248
11
8
250
32
302
1847
1397
2242
171
6
50
1
16
60
7
6
129
10
0
112
1559
2285
36
1815
169
7
2292
238
14
17
35
103
10
1
90
237
7
1362
0
957
5
570
213
8
2149
1
0
246
1328
3
813
11
78
6
0
2210
2264
14
1
1
270
126
10
173
1
2
90
15
0
1800
1
576
1049
133
0
21
590
231
0
173
1011
0
1575
0
41
0
1944
1
682
145
198
0
1
218
4
1
2187
15
662
389
1694
1703
175
83
74
11
14
1353
192
0
1
10
42
0
931
762
1
1
17
756
189
134
14
79
0
0
2004
1
178
1244
15
842
1139
1
253
10
766
1
176
75
4
1
42
183
9
1
204
10
15
0
10
347
413
0
154
1
14
1
1
6
20
2070
7
832
355
53
939
2125
0
743
15
1050
4
1793
270
268
2130
107
170
269
41
1
110
1274
1
5
29
11
4
2146
0
0
49
15
0
1419
16
1
0
1957
1630
1
1125
188
7
12
982
1963
223
229
2
0
0
1557
1
40
1107
1820
626
162
452
259
4
17
9
163
218
1
261
1
1
47
5
1
32
17
1
76
8
0
1
238
147
593
250
1845
6
0
1916
0
1
126
1
976
19
83
665
7
155
1475
252
1789
80
1533
72
194
1
1
14
31
3
11
545
206
1
11
0
379
88
15
1
12
436
1408
0
75
3
8
1
1286
6
108
3
73
3
0
993
935
1537
252
1
1
242
0
2188
1992
2223
186
223
2252
0
175
1
14
1
114
2036
0
1
945
211
220
197
1
9
81
1337
1376
0
566
0
16
10
361
12
226
168
0
13
0
199
130
1
1110
263
579
115
115
342
843
0
248
186
1
270
1107
1378
74
689
2071
372
76
133
254
1313
93
0
455
167
0
213
5
1892
0
1323
2184
10
0
1864
123
1193
1
1236
1
0
47
1200
15
1
17
99
8
2275
1
91
49
8
21
1374
68
573
0
16
0
0
83
14
625
1958
8
1
132
1946
0
252
11
269
240
2
17
4
3
2
6
2294
15
1858
1790
1014
8
12
0
1064
16
0
1746
155
1962
1657
114
0
0
1
925
17
0
1
8
1
20
967
1978
791
1944
1768
73
0
1
3
165
1
532
404
249
124
17
1031
107
6
869
1900
4
1863
115
47
13
1290
1887
1
510
168
6
154
0
237
204
388
11
17
12
10
216
0
975
7
0
1
4
157
122
1877
0
14
109
