#method=quickcheck
#elapsed_picoseconds=243772000
2018
4344
5633
1468
4572
6281
24
2173
1401
6278
1361
1479
6277
3657
21
26
20
3355
5672
6280
2
102
928
941
6278
58
3433
6280
624
58
2638
58
1812
6283
6286
26
471
1730
5441
62
1246
6274
6090
29
1404
5914
95
6284
1150
3087
323
6275
3880
3601
90
5292
5672
51
3368
1866
4358
36
6277
4079
1737
881
2095
434
30
1319
1932
277
6280
6272
120
101
4478
3241
105
6151
1796
2002
33
74
4946
4401
6275
1623
6279
53
6276
6272
46
1784
97
2
12
4627
5422
5253
6276
1640
3360
6267
518
6278
202
568
3486
500
6278
387
5286
2979
1881
5294
6278
5431
1359
6286
162
4567
2601
4711
6286
6049
352
622
6286
4143
2145
830
2840
6167
6
6269
315
1352
6280
6283
6276
84
6274
958
23
2876
6285
1005
1704
6273
265
40
6277
6287
3912
53
5639
5052
3263
6286
1056
6286
6277
34
3839
1505
73
62
660
87
6277
5107
4637
46
5759
5080
5652
500
6274
571
6273
72
6272
31
6283
85
6275
75
6277
56
6273
6285
60
6277
2589
3014
53
3035
6272
1541
406
1312
754
17
23
2098
656
5319
6272
5
4567
6274
345
29
6273
3743
2050
6279
646
6276
3223
353
6059
6284
2451
3555
1280
2207
3518
6278
4023
6025
4151
4527
1737
699
6284
36
2609
4155
107
6
12
1151
332
1242
6275
6274
6273
85
6285
157
6283
2984
1328
523
4077
123
4290
6280
2840
15
5
6287
586
6281
49
4
6272
1079
6276
308
3047
3017
6284
14
4762
103
2442
37
2893
2859
82
122
6284
6273
2102
6275
2265
414
120
9
98
6275
79
2756
1867
2571
6043
6230
6281
1013
6272
2973
53
54
6286
901
4053
2705
1296
6280
82
992
741
1783
2412
94
6279
262
197
24
6275
5019
5022
91
1420
81
2147
1626
6285
101
4668
2854
6275
4150
5928
17
113
1331
6276
37
21
6272
6275
6285
6277
1710
2493
6278
1285
6283
20
74
1460
1542
1641
6279
1235
4793
1500
71
6273
6272
6275
6274
339
6280
125
6272
6283
6281
2547
6285
6284
1083
4048
6274
95
76
2039
3453
997
3914
316
6282
5633
6040
914
1340
1359
4827
2125
959
6281
6280
3366
5832
25
6279
82
1660
5529
6276
5089
123
680
126
617
1021
6287
1812
32
674
3606
1841
3709
18
513
30
3651
6282
23
45
12
100
5503
5218
64
2510
4123
3300
887
4242
1382
6278
73
6286
6287
357
6275
3659
6282
3883
650
114
619
6287
89
6286
1320
6287
5703
38
3901
2044
1086
6284
6287
763
1712
6272
3995
902
45
432
4393
1245
4326
6284
62
6274
1343
6273
1209
52
10
5566
1631
1327
6026
10
1388
1906
4586
2949
6274
5840
6279
3904
6284
4973
2937
6276
6025
13
88
38
6274
721
6284
627
85
274
345
645
6283
2656
499
6283
6277
92
73
12
5291
1745
6281
2726
6283
4326
1255
6276
3491
4140
91
303
2755
528
6280
121
1162
120
6280
4499
1668
6279
124
10
67
12
8
6286
6284
83
1212
21
6031
7
1685
113
6272
2415
513
498
1212
107
6272
6280
2268
6275
3213
6284
1274
1017
1090
6283
5761
1917
52
8
999
6276
6280
16
2500
105
5796
27
4425
18
4591
6287
467
76
6282
1304
6276
125
3524
1170
6275
1483
3482
6
1013
6280
6277
2
490
2073
2622
6276
6286
76
6285
3853
9
6276
1094
165
4826
120
288
201
49
469
5110
5843
105
83
4129
841
840
71
7
6275
3
1593
4598
88
6287
6286
375
3
4216
0
662
5306
6279
3782
6273
4013
953
6273
2061
1411
2372
6283
1750
3460
1591
6278
6283
1014
110
1352
2658
0
209
36
6278
6285
4308
6284
3020
6285
15
1765
63
4964
35
4300
19
1870
6276
5821
21
6277
1889
2457
2171
242
3236
13
751
4512
76
6287
2845
4969
2
5238
4146
6272
1975
6279
6060
1694
6210
6040
4652
6280
1525
85
80
6278
62
6280
6278
1977
3959
4927
5805
1621
840
51
77
600
152
6286
949
3749
6282
440
6276
6275
1420
1912
5021
6276
976
1080
6278
99
6283
34
29
2523
6283
3905
3631
592
6287
5753
151
1870
3235
4547
6283
1595
523
4771
5024
6272
6280
6275
20
53
81
1736
2181
3872
6282
64
1715
3873
5233
30
1263
6287
2261
6276
127
6284
4788
6280
4312
3234
4166
2618
4391
5775
1878
6278
5430
84
86
5220
1182
32
5
100
5333
6281
6282
1535
4639
4975
3248
80
109
277
892
4502
6278
32
2016
21
3185
6275
1628
2645
6274
2579
3479
4254
109
2883
2373
47
73
3707
1767
6277
1023
50
121
117
51
59
115
55
6272
53
6286
11
6284
1455
4327
6259
61
5213
4768
43
6275
5395
4044
4641
6285
5331
5886
6283
1811
6282
6276
6286
335
58
372
5417
103
1411
6287
2575
71
2100
1861
6282
1261
1384
11
30
3677
834
3852
117
60
737
6264
1298
6274
162
6273
4999
2119
3139
4958
6277
4695
6057
1796
6279
6286
0
4
54
2073
94
125
2276
6077
4028
93
817
48
3663
6279
70
2520
1240
4768
94
4640
4808
6275
2910
6285
764
34
294
126
6285
1498
1766
3014
4471
3397
6286
2087
6277
125
4746
26
5832
4315
6276
4033
1759
6274
3345
108
2058
10
6274
56
1267
6273
6285
6279
6280
6273
119
1878
47
560
6272
69
2137
1334
3648
6286
2606
559
84
6274
43
993
6287
45
6273
6286
4079
5283
6276
6273
117
18
14
82
124
4351
897
6274
686
6286
6272
25
6278
118
6286
6107
27
63
3968
5987
97
73
1656
1352
2141
