#method=quickcheck
#elapsed_picoseconds=182380000
1111
1078
12
1106
581
1
1081
1059
241
1111
1058
1
1111
1110
1109
1106
1106
1058
13
4
960
1108
17
1078
597
11
15
1106
1111
2
880
705
260
1109
26
14
6
1111
1109
1095
887
1091
6
599
1109
12
1109
484
1093
540
1106
1109
1038
672
1093
306
140
1105
1073
1108
8
1108
1109
1077
1091
944
8
75
517
437
1076
4
11
622
1075
957
4
9
744
1081
1111
1106
1099
1064
524
1104
1084
1110
1032
1
455
10
1110
3
1105
5
8
621
1105
1108
1109
161
9
1104
1105
1111
1066
1047
834
1052
6
327
978
1068
22
615
2
5
3
1065
894
1
2
1106
1089
5
1055
1110
1104
13
1110
7
1
1051
1
670
9
1068
1051
14
4
6
1088
1111
8
1
818
816
1106
1083
793
1081
1111
1053
1106
11
13
593
1055
1106
1042
1072
10
1107
2
1
705
38
1111
1110
432
981
1094
14
1068
1110
13
1107
702
268
1058
1111
1107
1106
1109
926
831
1074
13
82
9
7
7
1108
2
10
1066
1099
600
1104
881
3
1045
1109
1104
0
0
1107
1042
653
1108
1106
1104
1111
489
12
1051
1104
1109
814
1104
1074
4
15
5
9
447
777
1104
1108
1107
1106
541
1011
1106
1105
637
2
1053
1111
920
1109
861
480
1107
1111
845
11
262
1108
1093
13
1106
1069
1082
608
1109
977
6
1095
1058
1062
364
1107
1095
1111
1107
1111
996
10
14
996
1042
121
12
6
58
458
1108
999
14
307
12
1110
8
1073
1084
118
1108
1078
13
1107
1004
1093
1102
13
1103
1085
1105
1046
1070
1108
1045
3
1078
1107
1107
2
13
1110
1107
1040
1067
198
568
480
1108
1087
1087
1101
6
1108
1109
1110
530
1030
1
6
284
174
12
1107
1108
1082
1066
1
1072
683
1110
1104
591
1040
1109
1052
1096
909
1058
11
3
1110
752
760
1108
9
1057
1062
11
1110
14
4
1109
991
1107
1091
1100
1108
1089
1108
1104
1109
1103
1047
9
1105
711
7
1080
48
7
282
6
1082
1074
4
683
1091
1106
1085
1
15
797
1088
536
7
1111
1108
1108
1
12
1105
598
229
6
755
1110
12
1108
1107
1045
1106
1107
1108
5
659
3
317
1107
1100
8
1092
1052
1109
1108
1087
1074
426
534
1049
1072
367
1110
147
1040
1104
1105
1097
1102
710
1087
1090
6
1101
808
86
1109
255
1075
1040
1099
1107
7
10
1106
8
1109
1108
1068
1055
806
1106
1106
1058
1103
1104
1107
1105
989
714
11
1108
251
1109
1057
1104
5
15
2
1101
1105
1105
1066
1107
5
1109
1109
1110
1047
1110
1105
5
1099
302
9
15
691
1106
1105
505
1108
469
260
1102
165
1108
7
823
15
1110
1084
1102
4
1107
14
1108
1086
1109
1008
167
1104
1108
656
1021
1111
1110
1095
6
273
1099
1
1048
1111
13
1098
1109
1110
737
0
1077
1109
14
362
138
1110
12
549
1072
1063
1105
1110
1042
64
1111
2
6
6
12
11
7
686
7
1106
1050
373
584
1051
15
1106
5
1088
1105
10
447
0
1099
13
593
3
972
5
1
7
1096
1110
11
11
1076
1089
1006
1106
1090
1042
525
451
1111
1076
77
3
1107
1105
11
1106
2
1108
5
1107
1
1104
9
1011
1111
15
1075
1071
966
15
1050
1042
1108
9
1062
1104
1106
1110
1087
1106
484
3
1067
1109
1070
1083
1108
4
10
663
1105
1106
1042
565
1045
1082
394
1108
1071
1106
1048
521
4
985
10
7
3
1075
177
947
1076
1089
1059
9
3
1107
11
1107
5
1083
1110
1087
1105
1061
0
1055
79
1050
1082
7
1049
1107
1057
748
8
1073
1090
203
1102
15
1111
1026
505
1105
596
1055
1089
1089
2
9
1109
1108
15
436
13
1100
15
1106
1087
1106
1076
10
1
1105
1106
1054
609
11
876
1105
670
10
225
12
242
1056
1076
13
4
39
1106
623
815
1108
1092
11
1108
1111
1070
1100
1074
3
1058
1092
1043
6
13
370
1105
890
440
66
1109
1028
685
1081
1108
9
471
14
1110
14
1089
12
319
1043
53
1060
295
568
2
178
1070
288
1085
808
1108
1019
13
136
1110
945
1
1108
1049
5
11
1105
558
3
622
1065
14
1105
1090
1110
1104
240
1052
136
4
945
1040
13
1108
885
1111
6
2
2
1068
956
443
1040
1106
1101
1110
978
1085
1045
987
1103
1105
1090
1104
7
1110
1051
1083
1105
2
2
1060
13
1103
1055
0
610
1108
8
1105
1109
1043
1111
479
1106
6
1107
1109
728
12
1040
1107
1109
1105
7
1110
1107
7
1104
8
644
755
1044
304
1064
11
1055
1
1082
1108
1105
1109
1102
1108
3
1043
1050
1107
1111
1110
621
3
381
1105
1085
984
15
1063
12
1110
8
581
833
1059
1042
9
1106
1090
111
13
1105
3
171
1097
671
278
1109
15
1101
5
1110
1105
12
1109
118
1087
3
1079
474
1070
8
612
1106
292
12
5
723
114
1047
286
1091
1064
796
1048
299
1080
986
1107
1067
1111
964
1099
802
1054
1
1067
1059
178
354
1047
1108
1089
1106
1111
1079
1111
1109
802
1059
1058
303
1081
1098
3
12
287
3
1064
1109
541
1065
235
580
1109
4
13
1107
1065
6
267
1105
521
1070
1111
1073
9
1013
254
4
1104
116
1060
1111
2
1055
390
1107
306
1108
1066
1069
719
663
289
