#method=quickcheck
#elapsed_picoseconds=232625000
3
1914
296
74
6273
6278
357
650
117
263
6191
6272
75
16
5937
3403
6272
228
888
17
3686
23
66
6273
1567
55
6272
3821
1069
43
90
3471
35
1139
4739
4668
620
123
6272
6287
35
4075
700
117
1282
119
6272
3509
6286
6283
933
96
118
6279
69
1662
28
382
120
1878
2136
3583
2296
3086
3834
4982
61
36
3997
80
6280
16
1516
396
6274
2034
1005
2482
588
6001
6286
51
6275
4985
1581
2055
5698
121
6287
1935
1562
81
92
466
242
6276
4150
1615
723
75
510
3
5889
6284
4753
452
11
2970
1087
6278
5319
2954
1403
6280
1317
6273
2008
4510
5580
6275
112
6227
2492
94
87
2019
108
16
3902
1612
1105
666
4707
1160
76
2078
6279
42
1358
1719
124
1515
58
6277
6274
1694
2809
64
1004
709
50
6272
3749
5000
6287
1192
1011
6283
63
3170
6273
6279
1251
6285
6282
72
6286
2272
6273
4313
6282
3438
5429
6280
108
32
6280
579
101
79
1346
1399
5877
32
47
2142
2205
5682
380
1900
1348
24
1431
51
1985
2835
1448
2750
121
3858
6283
532
6278
6283
777
6285
577
5185
664
957
49
2218
5276
3753
103
24
50
3488
102
2344
6285
2402
6275
6275
6286
6281
3400
57
33
127
6282
18
264
127
2633
3772
2724
761
14
5067
5499
105
3141
51
6277
2848
337
6284
4344
6281
6275
6276
66
1856
18
3493
3740
94
2009
1519
6282
6016
6274
6282
647
46
3738
6283
113
1375
2389
6274
6286
6278
2592
595
2066
5446
120
0
305
6285
5112
66
6282
5474
4301
68
1746
6283
97
3217
1835
36
96
6283
99
365
69
2201
120
17
6278
4536
2359
4684
6275
6272
34
79
2910
96
1340
6278
6272
6282
66
106
43
4352
2709
5594
605
35
6272
497
170
6279
2062
2059
6276
6284
6278
913
26
125
64
98
133
45
883
6284
49
1693
47
2270
3207
24
1325
2380
6273
2197
1682
5798
119
3143
6276
762
6284
2444
6278
1930
1387
6286
115
5958
5741
841
6283
62
5652
151
5637
81
61
6276
4220
110
3899
122
5690
401
853
6103
424
78
1181
343
1665
1091
3099
6274
6273
110
6277
30
6281
99
70
1845
1831
6283
6285
89
4967
4526
3938
1326
2430
6284
73
2924
3813
6274
4907
4464
6278
6283
4
6282
6282
30
55
62
56
6280
6275
18
2932
5319
6278
6275
5699
5591
1881
3909
1517
555
1198
3620
6111
1924
2597
6127
78
5249
6282
53
19
2163
2773
52
603
6272
105
6279
6279
1139
254
3792
6071
2593
2886
150
6278
6278
1493
2034
98
483
1787
5439
2406
2344
98
6279
1695
602
3471
76
5634
1267
68
6286
6277
669
5325
54
880
6283
6274
93
4151
66
12
1309
4100
121
6274
1628
32
104
1775
15
2643
6133
6280
6285
1000
5492
745
6276
90
6284
6274
5
3844
5193
1519
6008
6276
502
1293
5210
5535
6279
6278
8
3099
3655
29
61
4900
1968
2870
6283
6277
4335
6276
6284
1799
120
113
75
6272
2141
84
1859
4053
1475
2743
6275
113
6275
6286
6286
24
6277
5343
6277
6275
37
6034
259
4263
6277
124
6285
2104
6282
2066
9
3365
21
1595
4
6277
59
4515
47
6281
7
110
6102
2964
1158
5008
6274
537
94
4339
6277
38
59
58
122
4
6283
6278
2239
3597
5714
6282
6281
2913
19
6282
407
1242
718
4
672
6274
6279
6280
83
2056
4180
10
62
6273
6003
40
69
146
93
5546
6276
74
6276
6273
4789
5706
4103
3087
4928
6281
6280
6286
4783
3084
790
4810
6277
2335
6286
127
5343
51
5903
2878
882
6282
6283
1480
44
3262
6278
6280
6276
2163
5006
74
236
6283
6284
145
4181
2475
3761
6278
1138
1824
6283
6277
108
3080
6286
6285
4514
3433
653
16
93
5875
80
6284
4310
6279
2896
65
792
6280
1943
1774
848
6286
5758
40
6273
5
14
122
6276
4600
2798
1308
5588
584
4651
945
5399
644
72
2794
6286
219
5348
2773
5373
1284
1211
401
5611
5910
6282
1268
2372
1247
49
29
3296
110
883
91
2600
367
2834
77
35
252
4789
896
25
5387
3448
117
99
107
5050
2759
698
6286
93
938
330
118
39
1021
1640
16
4206
721
60
4646
6280
672
6287
1777
29
449
5
85
5294
6282
1945
9
100
66
81
6286
1872
754
1317
6282
6278
2494
3250
50
5084
6283
873
72
871
4502
5341
1788
6272
5179
6149
946
6286
95
5419
6282
4943
3832
6279
55
4830
1773
6274
6276
6287
852
3087
5476
899
74
855
6283
70
6273
44
695
1130
960
5621
124
3798
94
3369
5913
4635
86
93
6273
4954
3115
65
361
6277
2688
1608
2760
6287
6286
6275
6277
501
678
18
540
759
6285
313
491
31
4418
6284
6281
4
109
1723
106
87
116
3996
125
376
140
2360
79
94
38
3449
5467
3854
3314
126
6280
796
102
816
645
6276
4340
621
5416
2291
6280
39
6274
6287
1833
268
735
6285
6282
1954
6220
6281
87
6274
1982
6280
3523
98
6285
1878
78
1238
2767
6285
114
4413
5139
6281
5281
5232
105
323
6280
121
833
976
6283
6286
25
6280
6287
4872
2017
109
75
74
1595
70
6283
64
2716
3518
35
53
93
2964
1941
6277
1343
1999
6281
33
92
3065
1593
65
5416
2831
655
28
87
961
3888
1710
6284
6273
654
6112
2038
385
6280
6274
80
1081
6280
6273
3654
3147
545
6281
40
1560
6274
3271
6282
6276
73
6284
6273
3631
1271
61
6285
1256
5960
29
508
2345
47
6283
