#method=quickcheck
#elapsed_picoseconds=188149000
2479
2342
74
2486
1717
117
2345
2195
1377
2471
2258
89
2495
2438
2453
2442
2438
2194
19
26
2096
2456
1153
2406
1733
64
27
2446
2455
73
2016
817
1396
2493
1162
127
67
2471
2485
2295
999
2355
9
711
2453
120
2485
1620
2229
652
2486
2473
2174
1808
2229
418
252
2473
2209
2444
93
2452
2493
2213
2227
2080
69
187
1653
549
2212
62
16
734
2211
2093
29
107
856
2217
2475
2438
2235
2200
1660
2468
2284
2442
2168
70
1591
37
2482
33
2469
35
108
733
2469
2484
2469
1297
79
2456
2493
2467
2202
2183
1970
2316
80
439
2114
2396
134
727
119
61
81
2265
1006
49
69
2470
2353
18
2191
2474
2456
75
2438
30
89
2251
22
1806
79
2204
2315
6
38
54
2288
2471
87
87
930
1952
2482
2411
905
2345
2443
2189
2438
117
104
1729
2383
2446
2306
2336
3
2475
126
15
817
150
2471
2458
1568
1093
2294
8
2204
2438
117
2435
1838
380
2194
2443
2459
2458
2493
1038
1967
2210
114
1218
89
74
92
2440
22
7
2330
2427
1736
2492
2017
104
2373
2473
2464
121
126
2435
2306
1789
2456
2474
2492
2471
1625
53
2379
2444
2457
926
2480
2210
74
61
29
47
1583
889
2488
2468
2471
2486
1677
2147
2490
2453
749
105
2253
2463
1032
2469
973
1616
2471
2491
957
75
374
2432
2293
99
2458
2333
2410
720
2493
2113
34
2295
2258
2326
476
2455
2359
2495
2471
2451
1108
45
96
1108
2178
1257
31
105
170
1594
2488
1111
4
1443
26
2466
86
2401
2348
1254
2444
2342
115
2447
2140
2229
2430
58
2431
2285
2493
2246
2206
2488
2181
71
2214
2451
2479
13
83
2450
2435
2368
2395
310
680
592
2436
2223
2351
2237
12
2476
2433
2458
1666
1142
63
17
396
1310
71
2443
2476
2218
2330
67
2272
795
2434
2480
703
2176
2433
2188
2424
2045
2194
2
105
2474
864
1896
2480
4
2385
2390
108
2462
28
75
2485
2127
2471
2227
2300
2488
2289
2488
2492
2457
2303
2247
118
2453
823
100
2280
1184
124
394
97
2218
2402
90
795
2419
2478
2349
66
64
1933
2224
1672
12
2471
2444
2492
46
48
2437
1734
341
13
867
2474
77
2472
2475
2181
2490
2447
2484
22
771
90
1453
2455
2236
8
2292
2316
2481
2452
2415
2210
1562
1670
2185
2272
479
2434
1283
2368
2436
2489
2361
2366
822
2223
2418
116
2365
1944
1222
2445
1391
2211
2240
2299
2451
110
80
2478
125
2493
2472
2332
2319
918
2434
2486
2258
2367
2456
2455
2453
1101
1850
28
2456
363
2457
2193
2472
27
122
53
2429
2465
2449
2202
2463
89
2465
2485
2466
2247
2434
2445
56
2427
414
14
123
1827
2466
2473
617
2480
581
372
2302
1301
2476
70
1959
20
2470
2284
2430
3
2455
7
2472
2414
2493
2144
279
2432
2472
768
1133
2495
2494
2231
85
1409
2299
97
2184
2463
112
2298
2485
2494
849
91
2213
2493
16
474
250
2466
73
1685
2208
2391
2437
2454
2306
1200
2443
34
18
79
50
82
47
1822
94
2462
2186
1509
1720
2379
49
2434
119
2416
2457
117
1583
97
2299
91
1729
69
2108
90
96
24
2424
2442
10
126
2340
2417
1118
2482
2290
2370
637
563
2471
2276
189
81
2435
2461
24
2450
114
2476
16
2467
61
2460
52
1123
2483
70
2211
2271
2102
24
2378
2178
2488
53
2198
2448
2478
2454
2287
2450
1620
109
2331
2445
2398
2411
2448
75
51
1799
2477
2482
2370
677
2245
2218
506
2456
2271
2470
2376
633
100
1097
17
126
2
2403
1313
1059
2276
2225
2323
10
115
2435
33
2435
119
2219
2446
2351
2457
2197
8
2319
191
2186
2346
69
2185
2483
2257
860
118
2337
2418
315
2302
119
2479
2162
617
2493
1732
2255
2417
2353
58
69
2473
2492
78
1572
45
2236
12
2458
2351
2466
2212
111
105
2445
2442
2190
1745
122
988
2453
1806
121
1361
98
354
2384
2212
60
50
151
2446
735
927
2488
2356
35
2472
2479
2398
2236
2274
122
2322
2292
2179
62
80
1506
2477
2026
1576
1202
2445
2164
1821
2217
2468
120
583
71
2482
10
2417
34
1455
2243
165
2388
1431
1704
112
290
2270
1424
2413
1944
2452
1131
91
248
2458
2081
13
2432
2377
49
35
2453
670
100
1758
2201
64
2453
2418
2494
2456
1376
2188
248
85
2081
2240
8
2492
2021
2455
65
69
116
2268
1068
1579
2304
2478
2429
2438
1090
2285
2309
2123
2239
2481
2226
2448
9
2474
2187
2283
2457
100
32
2260
19
2239
2255
26
1746
2468
9
2489
2485
2179
2443
591
2490
98
2467
2461
1864
60
2304
2439
2453
2489
90
2458
2439
100
2460
62
1780
867
2180
1440
2264
121
2383
94
2282
2484
2461
2473
2238
2436
118
2307
2250
2491
2475
2462
733
23
493
2465
2285
2120
111
2327
125
2490
61
1717
1969
2195
2306
40
2486
2418
223
124
2465
23
283
2233
783
390
2469
117
2237
64
2442
2433
17
2485
1254
2351
48
2343
1610
2398
18
724
2474
404
10
22
835
226
2247
398
2291
2392
1932
2376
1435
2408
1098
2459
2395
2455
2100
2427
914
2318
88
2395
2323
1314
1490
2247
2444
2417
2438
2439
2343
2463
2453
1938
2323
2386
415
2409
2426
117
94
399
115
2264
2493
1677
2201
1371
692
2441
53
117
2459
2393
60
379
2477
1657
2398
2443
2273
78
1125
1390
94
2472
228
2196
2459
17
2383
1526
2471
1442
2448
2202
2269
1855
1799
401
