#method=quickcheck
#elapsed_picoseconds=206406000
14
4
4
1
485
586
1043
832
471
1061
100
1107
1110
1105
673
1107
1105
1046
1109
1108
0
1
1079
13
1054
1111
1106
1054
89
1108
759
109
1094
0
1111
4
1102
1107
328
1110
193
8
1110
1058
1091
1110
1086
1069
1105
1107
6
2
1074
177
835
699
1108
1107
1109
11
1109
15
1050
1088
597
1106
6
1101
0
1086
13
342
1095
1106
4
11
911
1
4
1095
12
1057
347
11
1054
688
14
1105
1089
1104
1107
1104
1106
1
8
1109
1106
115
1040
1086
1064
1096
8
787
1105
1097
1042
1045
1041
2
1108
188
1
13
1070
1108
1106
1106
1080
2
50
1096
842
1108
467
0
11
1104
1105
613
1060
5
1072
1040
1048
1079
5
9
1044
28
1094
2
2
0
1069
1068
199
1071
1110
1106
781
1
676
907
227
726
1048
293
1053
10
977
3
1108
1083
995
1028
825
14
5
963
18
1101
5
1110
434
456
406
1110
1070
1110
1108
1110
1105
12
1046
1073
1105
1071
1107
14
15
1107
612
1108
1104
1107
938
1083
1089
1111
1111
0
13
187
1109
752
1092
966
1109
14
1110
1073
10
1103
611
4
1081
1040
4
1049
1111
452
148
797
729
1105
1071
1107
1110
13
1108
3
1104
1108
1096
500
8
1059
1101
1111
1111
1064
1104
476
380
1
1110
1055
1105
1079
784
1055
1073
1095
15
5
12
1106
1105
1080
3
1110
1
281
10
1106
1107
1082
0
642
1108
1079
740
995
10
1097
1104
1075
1111
8
1080
6
1110
373
698
118
1107
774
7
8
428
582
1108
1
1096
14
1105
11
1104
1
1058
1079
857
11
1107
9
1079
10
1105
125
1064
11
1100
1073
7
1100
1111
1056
14
551
450
238
125
13
1041
1063
1103
1049
1100
1083
1104
1103
792
938
9
669
1104
1067
314
5
0
1087
1077
1048
1104
708
1079
1108
1056
1110
567
1094
13
3
134
15
357
1062
15
34
1057
1104
4
1111
1027
1104
1075
1014
1059
15
1095
1105
1105
6
982
1095
1105
1106
14
6
594
5
467
1110
0
4
0
491
366
1107
11
7
525
793
1095
1107
1058
1084
1106
614
2
1108
1110
566
13
1082
30
2
1108
5
1087
280
7
1095
0
1108
558
1074
1053
1075
1080
1109
718
1056
462
1110
1108
1073
470
8
1106
1043
384
625
1110
941
1092
13
1105
1064
1105
82
1104
1107
1107
11
1099
1106
1100
1063
615
427
1046
9
1108
1093
215
1042
958
1
1105
1108
796
1105
653
1105
1105
1107
478
2
270
1107
1110
1094
786
1023
1110
7
8
1109
5
15
1110
1102
11
9
1105
1043
1044
713
11
1105
1103
8
1107
782
1078
12
1104
14
90
1106
1106
1108
1108
1
1110
1067
97
10
1106
1073
21
1048
1106
1109
975
12
1111
1108
1107
854
1106
1069
7
1088
1103
1098
776
1041
1104
4
1108
1094
1103
15
1108
5
3
10
778
869
10
1075
1077
1070
1085
141
1092
7
1109
0
1105
8
5
6
1057
1051
1111
1111
1091
1061
12
1000
1109
0
85
236
34
555
1074
1106
1105
1068
11
317
216
2
877
1075
1107
2
1073
473
1071
1107
1110
1104
14
1106
3
15
1110
1099
1105
1104
10
14
861
1110
1063
2
1110
1107
0
691
1109
1
1096
67
1108
1077
13
79
1099
1065
1041
1108
1107
5
1096
1104
1109
6
9
10
1106
1094
1073
1108
6
1105
217
948
1104
9
280
1105
728
4
440
1068
14
1108
1069
1044
1111
1104
151
357
1101
1043
1084
1105
1109
1041
350
8
6
355
5
387
1111
1107
1068
947
2
417
1050
0
1110
124
1098
13
14
217
481
1053
1108
1086
259
8
1104
480
1000
1046
1066
1110
211
1048
0
13
200
1071
416
448
320
1052
891
13
11
1068
1101
1068
1081
5
1079
2
943
1069
1085
1110
8
3
1054
15
1060
3
168
1092
1093
421
1078
1057
3
211
0
1059
2
15
1110
1
1108
1109
351
1104
6
1101
664
131
1095
1081
1055
2
52
1081
15
2
1105
1052
377
3
1107
1009
1109
1089
1070
947
1070
3
1086
8
12
682
13
133
784
1049
439
381
1027
477
1111
12
1078
14
1110
358
1099
353
1109
647
287
1110
1107
1108
1
469
1111
110
14
1104
1080
1
7
1090
1080
1107
1
1105
5
242
1071
985
1071
1102
191
706
1104
208
9
1051
1048
201
1108
1109
13
1110
1105
10
1110
77
13
1106
1088
1111
574
1071
1107
392
1047
15
1110
3
3
1105
1110
14
1061
345
1111
699
1099
13
277
65
172
1061
1110
3
1054
1058
843
1105
1105
1092
9
1062
1061
881
11
1069
798
1083
148
1106
129
1083
1104
275
829
10
12
1095
1106
1108
676
27
1050
1109
1107
1105
9
1
1106
1108
1105
581
1104
1062
446
1060
1060
3
451
1078
9
1057
1109
1100
139
933
8
904
2
1081
448
1104
1109
1103
1056
1077
1106
1061
1072
1041
1107
104
4
35
1108
1060
4
1057
1109
5
1108
1043
1044
497
6
860
1108
1077
3
1069
1087
15
5
646
1070
1107
4
1108
1056
4
7
1068
15
994
1085
1107
1078
1002
769
1106
1088
10
1043
11
1106
320
373
1080
11
7
355
5
287
1106
909
9
258
0
1105
1059
1086
3
15
12
4
14
230
1081
1111
173
1083
15
1102
15
1046
1105
145
904
1110
1074
93
10
1108
569
