#method=quickcheck
#elapsed_picoseconds=230461000
6274
11
2761
6278
1563
2051
2025
6275
3649
75
6280
127
3651
4937
825
3371
31
558
991
6283
1979
2593
5712
4877
3
6155
11
4775
55
98
6281
4112
5744
6276
2565
717
5410
6286
712
1045
4489
4102
5552
6285
6272
6279
3371
6273
5780
399
99
110
2637
6277
6286
4514
1167
6285
1211
61
70
112
2023
3218
2931
995
1753
3441
5847
2419
2043
8
6214
1478
687
1
571
1096
1192
107
5222
663
3878
426
5841
5616
6282
5858
1498
6276
6272
57
57
2611
5769
1963
1159
38
6280
3584
101
835
2472
5973
100
6282
31
735
6285
398
2319
5503
6279
1569
6284
783
1471
117
6281
63
6054
3193
6275
66
6273
5205
5717
125
85
6273
67
1607
6283
1321
6287
1686
27
2075
6285
4081
5693
1039
53
6285
3084
109
6039
2114
1408
24
206
6278
6287
1052
2256
6287
6282
6286
6274
93
58
5974
4206
1096
1575
2518
27
37
70
66
2036
4788
6282
6282
6280
122
6273
686
6282
1266
2841
851
72
6273
6273
74
3627
6278
4964
125
12
35
4359
84
83
6272
122
72
1993
2969
303
6280
9
1751
15
61
6282
1789
2768
113
1291
27
70
6273
6282
47
124
99
5463
1006
6280
18
3128
6273
5837
1873
1967
2242
6276
6279
125
2922
5107
16
1781
6273
2174
820
6278
6083
110
2667
2337
4664
79
4492
82
4070
6154
6272
38
2022
49
2780
1
68
93
1265
185
3948
6287
6282
6277
4546
1136
3857
979
6272
2652
4631
44
42
605
49
833
188
6276
228
6287
431
536
6274
40
4717
109
59
6283
62
779
2346
6282
1142
4761
4218
6276
121
4648
1780
5492
1052
39
6239
6287
538
1289
6279
6279
3112
1895
6284
2122
2540
1777
0
4594
30
13
6280
275
2
23
4095
6274
2145
2694
3276
1887
6130
1974
6276
119
8
2431
6275
6277
115
5147
2051
6278
77
2028
3395
6276
1140
5354
6287
2084
6287
6275
5790
6286
2
6284
87
6276
120
1684
91
6276
107
22
7
4099
1802
139
6286
6283
1620
5763
6286
6273
17
698
1403
2249
6275
329
91
6283
5525
74
4950
67
2829
2710
241
70
43
97
6281
6286
6283
69
1390
2335
5562
8
3146
80
6281
6101
6284
105
4904
54
4565
53
1127
6277
1748
1483
59
197
6282
1470
1608
6277
85
6285
57
6280
3889
255
6285
1819
289
6277
86
6287
188
5207
23
207
6272
6287
3142
6282
6287
6278
6278
6223
76
6275
18
776
84
6282
1881
55
5
6278
1161
3095
6272
4795
1286
99
6273
6277
4189
202
116
6277
4952
4172
6278
5043
745
3870
4088
2310
6281
74
6279
6279
4698
1330
6274
2733
6272
4298
27
4530
5166
117
52
6272
3954
6274
2269
93
4346
6274
1983
125
70
3161
59
87
41
6282
5439
3001
6284
3218
1938
2164
5981
6087
6278
1675
6273
59
57
291
6285
6286
6283
5036
103
286
64
6278
41
43
944
119
432
1998
9
1672
3556
6272
55
109
6282
1909
6272
6283
1382
2745
4106
4018
3228
314
1838
6274
2045
655
746
5991
4565
4625
6283
1222
6278
4158
382
4113
4549
81
2048
6278
106
1301
4300
6278
3048
6284
5898
6281
6205
110
2225
4509
230
3725
6284
6277
516
51
34
483
6286
21
1454
6276
570
6272
6274
6281
4558
2443
4464
6282
1257
4
10
5
4
116
3155
1190
6273
6283
36
5027
1891
16
6276
4735
2118
110
6283
32
3011
1392
5303
6287
6278
4145
2017
6277
5994
4890
1623
5115
4712
30
40
6113
82
1109
6273
4601
7
2317
118
1707
4801
4734
47
55
1912
6285
6278
624
57
6286
32
611
789
2027
4144
1153
878
3583
35
6281
5126
6279
6274
39
78
2949
5446
58
2406
4960
56
6280
8
6284
4919
6278
88
5183
842
111
3429
6280
39
6287
115
6279
6285
646
5266
7
15
5083
6
6275
433
6287
6283
4788
2661
718
1751
4025
6239
55
3805
1467
16
6273
6
6284
43
6287
6275
3046
2682
6275
91
2316
486
95
3184
6274
66
57
70
1846
6276
6276
6279
6277
197
5475
111
6284
6278
6090
1706
1337
6277
1033
3145
1487
6275
20
1094
6286
111
127
115
27
2085
1972
6286
4667
1508
1898
5696
125
5
2638
1909
441
902
1907
4441
2821
6280
2704
6283
6281
44
6277
2856
2473
118
1435
6278
2820
4954
2875
1254
109
5618
91
2392
491
4469
4294
88
1118
5441
113
40
6272
1403
4954
795
1908
6276
1750
6076
1068
3542
6285
4935
3149
5923
113
1606
4557
1817
6281
6278
3965
4770
4000
58
656
203
461
1269
2738
2108
527
4654
3640
71
2927
3454
6287
4682
111
2936
6275
13
1515
2080
6283
6285
770
6282
90
21
3524
6275
6277
2703
1717
6
5787
5157
6281
6278
643
16
3432
2773
4907
2790
66
2486
92
898
110
85
6026
6281
3417
1478
1880
5588
1984
513
6279
2747
5059
1133
1004
1796
6278
8
649
6272
5408
1914
6096
5667
141
46
3474
91
1873
14
6273
6282
458
6272
4760
6280
6272
251
6280
6286
5697
2092
1505
6273
6286
6272
5615
1234
3019
6284
66
3665
6287
4965
114
58
1732
109
1794
4896
930
2792
39
567
5151
54
19
1424
86
6285
6279
6287
7
56
6281
6272
4253
64
46
59
60
229
113
12
31
1535
6275
6224
59
81
6280
2393
109
346
6281
6286
74
6280
127
999
2654
4532
88
684
3691
99
6152
118
1592
6142
6272
23
2154
3305
77
6287
114
107
5738
112
34
4065
80
1972
1092
6284
6287
3711
6277
1473
4484
6277
6275
6278
1077
5650
6282
118
