#method=quickcheck
#elapsed_picoseconds=190733000
657
8
2213
2218
2319
2439
2198
1073
1172
2439
2454
2237
1734
2327
2462
2473
2432
56
1411
1561
1474
1936
346
2466
2225
682
64
2291
2451
116
2464
117
2396
1281
71
2491
2380
103
1709
1574
2346
2385
85
117
180
333
2461
847
2454
1851
2357
32
2438
1361
2491
284
2383
2445
44
103
72
2441
2478
2271
2480
88
2261
82
47
2405
2429
107
95
29
1196
2469
2300
50
114
637
802
72
1835
2272
120
505
73
2362
1411
540
41
1656
2436
2380
2411
81
211
2193
520
484
29
2437
2439
2478
2182
1571
520
2439
86
370
941
2384
9
2286
2237
2400
2183
2183
2288
2232
2177
240
2491
2450
106
9
2454
2405
2366
1626
2483
1677
38
2337
5
1433
1282
2126
555
2495
1395
56
2198
2445
2210
2461
73
917
751
2318
1096
2392
56
106
751
412
2385
2481
2385
2473
2354
713
2436
2474
889
189
2259
69
557
2489
456
2446
2235
2206
2478
2405
2495
92
2179
234
2210
101
1822
2477
2456
2347
2484
24
58
2219
2211
2081
986
87
1675
2463
838
2434
444
2230
2435
346
2261
2433
1377
2433
35
2188
1208
8
678
2282
2475
73
2448
2443
22
110
2284
26
2344
0
2267
119
123
2468
2356
2443
2235
2391
2466
100
2391
2470
2432
1064
2484
1913
111
95
1369
2466
2469
2352
663
2367
2473
1694
596
645
29
2051
444
2183
2380
2416
864
2494
2379
2164
38
94
2349
2463
62
2408
25
1111
55
2454
922
2257
5
62
86
18
2220
1831
2256
2366
1852
112
123
2439
2250
2481
31
2483
297
2400
2484
2447
2293
67
1632
1098
2194
2199
37
25
2242
2476
168
1144
83
2294
2182
1928
2209
25
2432
153
87
2462
1278
2203
2453
2476
2331
104
2480
68
764
2493
2452
2459
2318
62
2316
2448
2068
123
12
2404
59
1422
2444
2429
678
93
2443
2396
2433
2370
2390
125
2270
2316
2468
2387
2366
1905
55
2479
786
2261
2483
2227
37
89
1446
1381
2380
2412
2197
227
115
88
2482
98
45
44
94
2452
9
1784
21
84
2396
2207
1454
1465
2482
2364
1470
2011
2456
2256
2346
905
1313
2460
118
2455
2486
2417
2486
101
2464
2342
1279
2258
2294
2464
2369
114
17
2463
2462
2451
2440
1691
2244
2471
2464
1255
2441
37
2468
1109
1394
607
2477
70
412
2454
973
2447
53
2435
86
2467
28
2464
35
2492
52
1316
433
160
2236
964
1518
2454
721
552
25
2247
2190
2461
106
1078
2485
124
2369
2446
2178
1935
105
2187
54
2452
71
2473
2487
1368
547
783
2089
1250
2469
2435
1386
616
78
57
47
2222
479
40
61
83
242
153
2469
81
2480
1467
2469
1430
2488
2455
2206
2494
2280
2454
1176
2379
754
2482
2459
98
2488
2396
112
2467
2369
2176
28
1688
1867
62
2458
2378
1683
2209
2486
2057
2191
49
1152
47
1832
2486
2166
970
2343
2439
2234
83
2468
493
2319
2396
716
2326
2470
2248
2246
67
2435
2447
1737
2460
1978
997
114
563
56
40
44
2482
2459
2434
2472
2469
2485
19
1086
1370
2442
1204
28
74
1613
2306
294
2487
2416
1925
2438
128
118
43
2475
94
124
2448
600
2481
23
2389
1759
2442
2489
111
2467
2313
78
2461
4
1895
2466
1998
2282
28
2487
73
610
2205
2451
2316
2385
2188
117
108
2290
115
2456
1132
53
14
92
91
2317
74
6
50
593
2445
56
126
823
1768
2236
2391
2477
2436
1171
2442
2397
2206
386
1968
4
2089
2469
126
2372
78
705
1136
2473
2477
8
314
151
2305
2241
2456
127
2385
1625
2463
1497
2438
2437
2042
2385
63
2276
1374
2455
27
75
2390
2119
1823
68
95
2453
529
2445
2399
973
2475
1646
1478
2475
2425
2404
2129
1682
2476
93
40
35
1266
484
2467
2453
2398
2467
590
363
2193
2055
292
70
1252
2193
559
70
2487
2237
2412
2490
2482
722
2233
42
2481
2449
69
63
2183
2477
97
2452
84
1566
2449
96
967
2465
2237
2262
2367
1532
72
69
1399
2418
724
1548
1824
2456
2450
2482
1840
70
98
86
1056
65
2374
765
29
806
596
1616
32
1479
2189
65
9
2333
475
85
2456
2399
80
1967
2492
310
1410
2208
2490
2488
2492
75
2295
2282
2415
2470
2318
1880
2460
2376
2452
2056
2492
2416
111
82
121
96
2449
1928
2260
47
23
61
906
2473
75
10
1783
2188
2475
1180
125
493
1179
2276
2467
365
2194
2477
62
105
2294
1360
2495
1692
66
1998
2031
1579
2190
73
338
2256
1655
2213
2459
2348
2451
103
1367
2432
557
1886
2300
2446
177
2446
2197
2190
2445
2447
2247
2493
1418
2441
2473
2478
2471
2468
702
19
996
2269
2239
2239
2296
733
2268
5
1
2328
2382
2489
2239
2485
2404
1388
2460
1797
1836
1985
2488
66
2212
2309
1877
2456
14
1493
2235
2467
460
2435
2474
2236
1567
115
2449
108
485
2371
2447
633
2341
2464
50
2334
2434
248
2473
322
2349
2484
2369
124
2233
2178
2227
529
1030
866
2436
106
2192
706
2470
2384
34
64
2488
1350
2394
2466
2339
101
2058
2417
2382
2190
65
684
2386
2301
5
2006
106
2442
2438
2410
6
2472
2316
2211
2014
314
95
900
2485
2373
16
393
2223
2436
1846
2448
2437
63
900
2480
75
500
869
99
101
4
770
2440
2266
81
2438
73
2464
2451
2443
1658
2351
536
78
1219
2226
98
2139
2204
371
2490
804
1633
1278
2096
48
74
2393
592
2338
1663
115
2463
2456
2433
293
