#method=quickcheck
#elapsed_picoseconds=231633000
82
1640
6281
105
6278
6284
5440
4990
6278
6280
6287
6279
4573
4363
6275
2117
338
6286
57
38
6278
1018
4142
3788
4186
79
6283
727
3749
5710
6285
2071
3963
6277
6280
4993
51
29
798
166
6287
72
116
15
2883
6281
3700
6282
1981
6077
114
6273
1038
1526
6282
88
432
6284
377
1432
21
2626
870
665
2480
4678
6282
6285
6282
6276
4412
571
4341
1089
2016
6285
6278
69
36
6279
2725
2893
1593
6285
6273
6279
2608
5767
1140
1648
87
856
378
280
6285
297
6287
6276
438
3011
55
10
4182
3
996
3108
1212
1431
5261
6273
6285
104
1035
2924
5302
4992
6278
44
83
4962
1397
409
6272
61
5236
2119
6287
1127
1
6285
1792
6274
6281
5406
5211
2407
90
6286
6278
113
52
4868
90
4852
102
113
2652
1254
107
5318
4864
6280
4484
53
8
110
2308
26
46
2296
6283
76
4682
6272
3527
70
1248
80
1906
1377
1643
6279
2521
72
12
5345
892
33
69
6280
3285
976
5524
6285
6272
4916
114
47
6276
928
6275
3704
2822
167
101
819
678
6
562
6272
29
6079
19
60
6281
6278
895
6280
6285
1676
6251
6285
6286
222
6280
1323
112
3237
117
598
6275
882
2602
74
6284
724
124
5189
1308
6282
6285
67
5588
123
6280
20
6276
44
2862
6281
2883
6275
38
97
508
286
6028
132
31
2999
61
6283
1020
2925
710
1161
5553
2785
1074
5957
75
6284
6262
0
65
279
97
2708
234
1682
3167
6272
5683
38
22
331
253
5325
768
6278
1672
2182
292
859
5539
1428
88
6282
113
61
6280
6280
6272
6273
6278
4925
6
6284
97
684
6287
6287
4772
558
0
1036
119
51
2685
127
2323
4837
409
1880
2532
1234
3188
2510
4315
16
6276
2046
114
4284
4079
101
46
80
2215
68
1595
432
6280
6273
3527
2119
50
6277
223
1575
38
2281
943
60
102
267
6280
1467
6274
90
6278
6273
572
1046
6273
98
32
6281
4674
6
975
247
1437
6277
2006
7
20
6274
6272
6276
6285
726
126
3358
6276
4820
55
463
6051
3702
1903
14
4900
105
6276
1762
57
115
713
1399
89
102
118
4710
34
1129
81
3914
917
4465
91
6274
8
818
259
6039
3264
1724
122
312
22
1184
2109
965
4820
1666
6272
106
44
88
31
90
6243
3372
6276
80
4283
53
3796
6273
6275
948
5050
6281
3476
4590
2031
43
82
42
4
616
4388
5316
197
1786
2326
38
6284
6272
6285
6280
6280
5448
53
9
1864
49
34
6279
32
4843
6273
6273
6281
4137
4733
1477
33
3382
1401
6274
1510
374
241
4531
6278
0
707
1492
2727
3361
6282
3155
5650
2152
100
2069
3581
5504
4970
1393
1044
58
55
6273
1895
1222
2432
4960
2935
730
6277
1296
16
77
6273
6279
2064
1720
4343
6277
4244
2332
3522
83
4978
6278
5819
2607
5393
5582
2078
95
918
85
3085
1363
26
682
123
100
583
5660
6279
1659
6283
451
6278
3093
6283
72
3431
92
65
115
6273
1757
6286
185
93
6274
6281
6281
6
4622
2390
2895
5514
82
6137
95
6282
75
5237
6277
14
1327
1950
976
572
2957
5
6286
1086
103
1890
4700
1677
11
3422
46
6285
6283
3264
112
1632
6286
6286
6284
6272
4637
6272
6284
4472
11
2788
6273
39
3904
1507
6279
6287
3642
6284
47
330
75
29
2076
6276
3253
67
5015
6276
4560
4294
6277
5951
2172
54
695
311
33
502
5453
443
571
6281
6284
860
47
6285
947
6276
6283
6281
1
6276
3878
2332
6284
23
4003
4145
3884
5655
4185
1570
1236
103
73
33
6274
119
6284
72
6281
6282
99
6276
6285
2447
2567
2980
1680
96
3572
2886
6278
6179
1491
25
66
5238
984
187
127
4009
2542
4671
41
2258
4523
6283
6286
195
5738
39
6282
899
53
22
2286
2948
451
6278
2492
519
102
121
5272
6276
6286
854
3187
3779
66
7
6284
6285
67
887
5555
6275
2154
6282
6277
816
2142
5378
65
14
1186
47
601
1504
6277
6273
81
109
6282
94
587
6281
2560
79
6287
6273
37
4731
118
4604
6280
21
1540
14
1940
2149
702
42
6276
2897
6002
348
122
2073
6286
1454
456
5006
1477
1094
6281
81
77
53
389
2039
5319
6280
2082
108
6283
1663
98
34
1661
3285
289
1692
6278
1365
127
6283
2567
2197
3238
84
87
6276
142
6280
4001
91
2537
1398
140
949
36
789
5458
556
751
1287
59
16
116
73
1079
111
74
5241
745
104
1987
2391
731
6277
4301
6275
5871
39
6272
6274
690
6273
61
10
6274
108
3272
49
6281
116
180
6108
10
6274
6280
70
1358
680
859
493
6287
365
1541
123
1121
5538
6280
4539
1520
5076
3333
4555
6277
61
6284
117
6276
50
1942
221
65
1712
282
1468
623
9
12
5520
495
20
127
2
6285
119
6284
2109
1477
6209
6282
1835
126
689
6284
2982
2443
2681
3122
113
14
34
68
6282
2607
76
4879
5077
6274
6179
4977
42
2790
6277
1593
4711
6276
1748
157
867
1449
70
505
6286
6278
1859
6282
5486
66
615
5735
2152
2373
1953
4140
245
6283
21
5126
6280
6281
1591
6278
1595
639
4738
741
5604
987
6280
6282
4
1114
6284
6283
1547
81
1337
109
967
6277
6279
76
3250
3731
96
119
6284
6273
4131
651
120
6281
51
6283
6275
109
5928
1651
4394
113
5970
4882
1665
6282
56
5030
5710
3295
6282
5472
3549
94
14
6279
18
4
64
5573
6287
1351
1132
2506
3148
31
115
4350
