#method=quickcheck
#elapsed_picoseconds=215560000
10
504
1109
7
1108
1108
1052
1086
1104
1110
1107
1107
1097
1099
1109
981
226
1104
14
2
1111
906
1074
1056
1078
0
1107
615
1057
1078
1108
935
1059
1109
1108
1041
7
7
686
54
1110
9
15
3
1079
1107
1072
1111
845
1041
10
1110
926
390
1106
5
320
1108
265
296
4
1046
758
553
1088
1050
1107
1110
1111
1108
1080
459
1069
977
880
1109
1110
2
13
1105
1081
1053
457
1107
1110
1109
1076
1103
1028
512
15
744
266
168
1108
185
1110
1109
326
1047
3
13
1042
15
884
1096
76
295
1081
1111
1108
15
923
1100
1042
1092
1105
10
8
1094
261
297
1111
13
1040
983
1110
1015
5
1110
656
1108
1108
1074
1083
1079
9
1107
1105
0
15
1040
13
1076
3
4
1048
118
7
1086
1080
1108
1096
0
15
14
1072
14
10
1088
1109
5
1066
1106
1051
1
112
12
770
241
507
1106
1045
11
5
1045
780
15
3
1111
1097
864
1052
1106
1110
1052
11
10
1107
816
1104
1092
1062
55
6
707
566
1
450
1105
15
1043
14
12
1105
1111
783
1105
1107
540
1079
1109
1107
110
1107
187
3
1053
5
486
1111
770
1074
10
1106
612
6
1081
172
1108
1111
8
1084
7
1104
3
1106
14
1098
1105
1071
1110
6
7
396
174
1060
20
8
1059
3
1108
908
1077
598
25
1061
1061
962
1057
10
1109
1070
10
15
167
12
1040
122
546
1055
1108
1091
13
3
219
141
1077
656
1108
536
1058
180
747
1071
292
0
1105
15
13
1106
1108
1108
1108
1111
1081
4
1106
13
572
1107
1111
1100
446
1
924
5
5
1085
0
1095
1089
297
744
1084
98
1076
1062
1075
9
1109
910
14
1084
1071
13
13
1
1083
10
459
320
1104
1109
1059
983
10
1109
111
439
6
1049
831
12
3
155
1107
331
1108
9
1105
1108
460
934
1105
3
15
1104
1090
5
863
135
301
1105
870
5
10
1109
1105
1110
1106
614
13
1074
1105
1064
1
351
1063
1062
767
7
1076
0
1107
626
4
0
601
263
4
0
12
1086
5
1017
9
1082
805
1069
2
1108
4
706
147
1103
1076
588
6
200
11
48
973
853
1052
530
1104
9
3
1
12
11
1047
1040
1107
12
1055
2
1068
1108
1110
836
1054
1107
1092
1042
895
2
1
12
0
504
1052
1100
85
650
1042
2
1111
1109
1107
1105
1106
1088
0
3
728
5
4
1104
9
1043
1109
1107
1107
1053
1077
341
11
1046
265
1106
374
262
129
1095
1107
8
595
356
1075
1077
1107
1055
1102
1016
12
933
1093
1048
1102
257
932
13
3
1106
759
86
1092
1092
1079
618
1109
160
4
2
1108
1107
928
584
1103
1105
1044
1096
1046
3
1086
1105
1043
1055
1081
1102
942
0
806
11
1085
227
3
570
3
15
471
1064
1107
523
1104
339
1109
1045
1106
0
1083
0
11
3
1105
621
1109
73
11
1105
1106
1108
9
1078
1102
1071
1082
5
1049
8
1104
3
1061
1107
9
191
814
864
460
1049
9
1107
974
14
754
1088
541
12
1058
6
1111
1109
1092
5
496
1111
1104
1104
1105
1053
1110
1104
1060
15
1084
1107
1
1072
371
1106
1110
1074
1111
0
218
0
6
940
1111
1093
3
1099
1104
1068
1050
1107
1055
1036
0
583
199
6
390
1045
331
459
1107
1105
748
4
1106
835
1110
1111
1104
1
1110
1090
1092
1107
15
1087
1101
1096
1079
1073
434
100
12
9
2
1106
4
1111
10
1104
1108
3
1106
1110
1091
1075
1064
544
12
1076
1058
1107
1063
355
5
10
1070
872
75
11
1101
1050
1103
15
1046
1079
1105
1107
83
1078
9
1111
787
12
10
1090
1040
339
1108
1088
407
11
8
1076
1110
1104
742
1103
1063
11
9
1111
1104
5
775
1083
1108
1018
1105
1109
704
1006
1098
9
9
50
7
489
368
1107
1105
4
15
1108
2
475
1106
1044
2
1106
1107
1
1071
5
1060
1105
1
404
0
804
1013
590
0
1107
1097
1066
236
15
937
1108
318
344
1066
341
982
1111
1
12
12
277
903
1051
1107
946
8
1105
527
0
10
525
1077
177
556
1108
229
13
1111
1071
1049
1102
7
9
1107
30
1106
1093
10
1065
262
28
837
6
677
1050
444
639
151
5
6
7
13
967
8
8
1097
633
2
851
1083
619
1105
1065
1106
1087
13
1105
1107
578
1105
13
13
1105
9
1052
2
1108
2
68
1068
12
1110
1111
11
222
568
747
381
1111
253
405
4
1009
1094
1104
1099
384
1100
1089
1103
1109
7
1111
9
1104
11
806
109
1
576
170
332
511
1
7
1076
383
10
10
2
1110
12
1110
973
341
1069
1108
699
0
577
1104
1098
1095
1093
1050
4
9
15
7
1111
1087
13
1067
1045
1110
1099
1045
6
1054
1107
457
1067
1105
612
45
755
313
8
393
1109
1109
723
1110
1058
5
503
1043
1016
1085
817
1100
133
1110
10
1102
1108
1109
455
1104
459
527
1074
629
1100
875
1104
1105
12
1002
1105
1111
411
0
201
5
855
1108
1109
11
1070
1071
6
9
1108
1111
1055
539
6
1109
7
1105
1104
0
1068
515
1066
0
1094
1046
529
1108
12
1082
1050
1099
1108
1080
1053
8
13
1106
2
3
3
1077
1107
215
1020
1062
1096
13
14
1046
