#method=quickcheck
#elapsed_picoseconds=228749000
6276
15
1538
42
27
1588
4691
17
6282
125
1336
90
1988
6282
6286
562
107
4108
6273
1349
5399
333
574
6283
1020
6276
3851
4140
4036
725
6285
5172
6286
101
777
1579
6051
1996
32
44
6273
2179
5320
56
1528
1173
5294
9
6279
6276
4
6287
1280
5276
913
3453
6273
6276
4677
1
2056
6281
2543
13
52
6287
35
1651
1070
122
5
5157
6272
20
6286
6283
338
3994
58
6276
69
16
6280
6274
2141
6285
6282
966
41
112
1276
53
5461
14
1811
1371
1120
1374
1687
2876
21
1168
34
1998
821
1416
3527
27
74
6278
4849
33
4170
3834
1239
91
1593
6278
6286
6279
99
950
6285
6280
6276
6286
1681
6282
6282
633
6286
176
991
3891
2047
6283
103
1004
6284
3862
5955
114
3789
2471
5443
36
6280
1421
98
6279
6276
53
6274
874
6279
6275
6280
2579
6283
6283
4938
4824
1256
6283
1637
53
458
706
3547
5458
3568
3030
1611
126
2802
1808
6281
97
709
305
429
6278
6283
28
64
6277
3748
74
6276
6275
6275
5871
6285
6282
65
6273
937
1752
6285
43
79
792
2
436
5053
1533
6272
641
6277
2066
1229
120
1614
6284
6279
928
6279
6286
6283
6
5851
2064
1884
1595
3345
6272
6286
5434
420
1698
4387
77
3872
1973
6274
115
4764
1446
6273
1179
2001
6283
3705
247
62
896
1501
29
1767
6285
6272
2104
5875
1471
39
73
16
3227
7
6286
45
77
0
2617
6278
2025
6283
34
1862
5387
6278
6023
5490
2072
1158
6281
3146
6274
3442
5419
97
6284
17
105
2316
48
52
4760
5195
2565
6277
54
91
486
3638
118
2455
3807
4656
1651
1359
18
35
3330
6284
5814
70
168
3033
1745
3579
45
93
102
93
6272
741
6282
4594
5009
6276
6278
44
5384
1421
4416
77
1925
1591
6284
988
4942
5456
1937
6282
265
2149
5602
6286
2670
684
4034
967
6280
4040
1123
68
6285
6273
1370
2083
124
6283
3824
6277
14
6287
3329
6276
4685
6273
50
49
2098
63
6278
337
56
6282
78
104
3146
439
1353
5478
3970
110
107
36
6274
2829
1577
99
3857
101
1042
4858
618
1426
6280
6284
4451
6283
1436
761
1802
43
6272
207
1247
5376
35
52
6279
1208
2886
5415
6274
3888
6276
57
6284
20
31
6272
3308
2450
794
1266
193
44
6287
6284
6285
3669
6274
2196
6282
5616
2849
1598
95
884
6273
6282
3101
1153
6282
70
1970
25
6279
12
1681
43
6284
6285
4753
6287
48
54
3099
5835
6274
95
32
6287
42
6273
6287
6273
900
1341
4309
6278
2623
1248
3122
6275
455
543
5199
5743
2943
5886
507
31
16
21
311
15
41
30
6280
3219
6278
6276
6286
6272
5281
45
4303
785
5975
2916
22
6268
2646
117
1155
5045
166
2734
3813
6278
4893
6278
4224
48
6162
6038
87
6280
468
3976
111
711
6277
83
34
6279
6286
114
3597
733
82
3712
15
103
75
5491
2248
4766
4324
3102
6287
4130
2350
6278
89
3187
6287
4249
1019
5033
2123
890
5977
487
1380
5072
91
6277
6275
38
4408
77
101
76
6277
471
26
44
84
6285
6286
6275
6276
2405
6281
3458
56
1573
85
6280
20
6275
6282
6
3984
8
123
5385
546
6278
6277
6273
1336
114
5096
1949
80
6283
37
6281
5522
1188
6285
5662
71
4896
64
115
408
2212
889
3851
5547
1694
1253
6272
6283
6275
6274
366
6286
996
101
6286
68
6280
2455
393
34
1585
6275
6276
2072
72
1502
6275
1282
2346
1403
3744
16
14
116
14
6280
80
6275
3404
118
5164
6283
515
6287
3012
38
77
1154
68
4393
1300
45
2896
5363
4389
1486
6284
6277
580
1254
4646
3920
3530
2038
6273
758
5161
27
1572
5914
2120
6282
98
125
4408
6284
6284
1152
39
5866
1314
65
2358
2896
835
6281
5574
3406
6285
47
4067
34
5523
1124
98
2426
5994
6150
2115
13
258
6275
6282
6280
124
6275
16
2849
6276
1596
714
4133
3114
1243
75
4507
247
96
4
166
1148
3135
2067
6283
244
6272
558
18
2634
786
6227
5892
357
91
6278
6273
6283
687
6279
1074
6281
4860
27
4685
6279
15
887
5396
1542
46
628
52
4
35
377
1428
456
19
3724
646
494
116
9
39
4969
6284
2661
6276
6280
401
42
49
127
37
116
6280
6274
4935
539
5032
6275
1683
6282
69
5692
6276
5884
1689
5738
1782
6277
6273
298
1933
1173
961
1708
4634
504
6284
37
1980
1189
45
65
37
6281
6286
2023
6285
3996
710
6278
55
68
6275
449
97
6274
3575
5763
3329
4623
2860
855
4591
125
16
80
6287
2399
2497
3
939
6275
16
496
887
5286
6280
7
6284
6287
96
1861
4816
6116
294
6284
1
4574
1788
41
6
261
95
6202
120
4796
4427
79
6276
18
4276
6280
697
4381
6279
3997
4628
62
6278
6277
3477
4057
81
5805
12
4
2046
35
421
6276
1865
6275
6275
1558
4666
888
6282
60
3862
6273
1378
19
6284
1381
115
5958
1125
6282
6275
4396
36
6281
5141
6286
6284
6273
1636
3986
1910
5138
660
343
459
123
5213
6283
6278
22
6283
117
54
122
1787
2745
2996
14
1415
99
6006
114
2238
753
6273
905
6282
1870
29
1888
4171
6113
80
6284
4641
19
6178
94
439
6282
62
84
4956
4080
3742
89
2154
747
4612
6282
2153
4897
6277
714
15
67
45
82
73
5489
36
6277
6284
2380
1774
114
4068
65
6279
92
6280
1916
1090
963
6272
3317
5886
576
6283
6273
2912
75
83
59
69
