#method=smallcheck
#elapsed_picoseconds=77635270000
0
128
1
8
2
129
3
256
4
130
5
9
6
131
7
16
132
10
133
257
134
11
135
136
12
258
13
17
14
259
15
24
260
18
261
137
262
19
263
384
20
138
21
25
22
139
23
32
140
26
141
385
142
27
143
144
28
386
29
33
30
387
31
40
388
34
389
145
390
35
391
264
36
146
37
41
38
147
39
48
148
42
149
265
150
43
151
152
44
266
45
49
46
267
47
56
268
50
269
153
270
51
271
512
52
154
53
57
54
155
55
64
156
58
157
513
158
59
159
160
60
514
61
65
62
515
63
72
516
66
517
161
518
67
519
272
68
162
69
73
70
163
71
80
164
74
165
273
166
75
167
168
76
274
77
81
78
275
79
88
276
82
277
169
278
83
279
392
84
170
85
89
86
171
87
96
172
90
173
393
174
91
175
176
92
394
93
97
94
395
95
104
396
98
397
177
398
99
399
280
100
178
101
105
102
179
103
112
180
106
181
281
182
107
183
184
108
282
109
113
110
283
111
120
284
114
285
185
286
115
287
640
116
186
117
121
118
187
119
192
188
122
189
641
190
123
191
288
124
642
125
193
126
643
127
200
644
194
645
289
646
195
647
400
196
290
197
201
198
291
199
208
292
202
293
401
294
203
295
296
204
402
205
209
206
403
207
216
404
210
405
297
406
211
407
520
212
298
213
217
214
299
215
224
300
218
301
521
302
219
303
304
220
522
221
225
222
523
223
232
524
226
525
305
526
227
527
408
228
306
229
233
230
307
231
240
308
234
309
409
310
235
311
312
236
410
237
241
238
411
239
248
412
242
413
313
414
243
415
768
244
314
245
249
246
315
247
320
316
250
317
769
318
251
319
416
252
770
253
321
254
771
255
328
772
322
773
417
774
323
775
528
324
418
325
329
326
419
327
336
420
330
421
529
422
331
423
424
332
530
333
337
334
531
335
344
532
338
533
425
534
339
535
648
340
426
341
345
342
427
343
352
428
346
429
649
430
347
431
432
348
650
349
353
350
651
351
360
652
354
653
433
654
355
655
536
356
434
357
361
358
435
359
368
436
362
437
537
438
363
439
440
364
538
365
369
366
539
367
376
540
370
541
441
542
371
543
896
372
442
373
377
374
443
375
448
444
378
445
897
446
379
447
544
380
898
381
449
382
899
383
456
900
450
901
545
902
451
903
656
452
546
453
457
454
547
455
464
548
458
549
657
550
459
551
552
460
658
461
465
462
659
463
472
660
466
661
553
662
467
663
776
468
554
469
473
470
555
471
480
556
474
557
777
558
475
559
560
476
778
477
481
478
779
479
488
780
482
781
561
782
483
783
664
484
562
485
489
486
563
487
496
564
490
565
665
566
491
567
568
492
666
493
497
494
667
495
504
668
498
669
569
670
499
671
1024
500
570
501
505
502
571
503
576
572
506
573
1025
574
507
575
672
508
1026
509
577
510
1027
511
584
1028
578
1029
673
1030
579
1031
784
580
674
581
585
582
675
583
592
676
586
677
785
678
587
679
680
588
786
589
593
590
787
591
600
788
594
789
681
790
595
791
904
596
682
597
601
598
683
599
608
684
602
685
905
686
603
687
688
604
906
605
609
606
907
607
616
908
610
909
689
910
611
911
792
612
690
613
617
614
691
615
624
692
618
693
793
694
619
695
696
620
794
621
625
622
795
623
632
796
626
797
697
798
627
799
1152
628
698
629
633
630
699
631
704
700
634
701
1153
702
635
703
800
636
1154
637
705
638
1155
639
712
1156
706
1157
801
1158
707
1159
912
708
802
709
713
710
803
711
720
804
714
805
913
806
715
807
808
716
914
717
721
718
915
719
728
916
722
917
809
918
723
919
1032
724
810
725
729
726
811
727
736
812
730
813
1033
814
731
815
816
732
1034
733
737
734
1035
735
744
1036
738
1037
817
1038
739
1039
920
740
818
741
745
742
819
743
752
820
746
821
921
822
747
823
824
748
922
749
753
750
923
751
760
924
754
925
825
926
755
927
1280
756
826
757
761
758
827
759
832
828
762
829
1281
830
763
831
928
764
1282
765
833
766
1283
767
840
1284
834
1285
929
1286
835
1287
1040
836
930
837
841
838
931
839
848
932
842
933
1041
934
843
935
936
844
1042
845
849
846
1043
847
856
1044
850
1045
937
1046
851
1047
1160
852
938
853
857
854
939
855
864
940
858
941
1161
942
859
943
944
860
1162
861
865
862
1163
863
872
1164
866
1165
945
1166
867
1167
1048
868
946
869
873
870
947
871
880
948
874
949
1049
950
875
951
952
876
1050
877
881
878
1051
879
888
1052
882
1053
953
1054
883
1055
1408
884
954
885
889
886
955
887
960
956
890
957
1409
958
891
959
1056
892
1410
893
961
894
1411
895
968
1412
962
1413
1057
1414
963
1415
1168
964
1058
965
969
966
1059
967
976
1060
970
1061
1169
1062
971
1063
1064
972
1170
973
977
974
1171
975
984
1172
978
1173
1065
1174
979
1175
1288
980
1066
981
985
982
1067
983
992
1068
986
1069
1289
1070
987
1071
1072
988
1290
989
993
990
1291
991
1000
1292
994
1293
1073
1294
995
1295
1176
996
1074
997
1001
998
1075
999
1008
1076
1002
1077
1177
1078
1003
1079
1080
1004
1178
1005
1009
1006
1179
1007
1016
1180
1010
1181
1081
1182
1011
1183
1536
1012
1082
1013
1017
1014
1083
1015
1088
1084
1018
1085
1537
1086
1019
1087
1184
1020
1538
1021
1089
1022
1539
1023
1096
1540
1090
1541
1185
1542
1091
1543
1296
1092
1186
1093
1097
1094
1187
1095
1104
1188
1098
1189
1297
1190
1099
1191
1192
1100
1298
1101
1105
1102
1299
1103
1112
1300
1106
1301
1193
1302
1107
1303
1416
1108
1194
1109
1113
1110
1195
1111
1120
1196
1114
1197
1417
1198
1115
1199
1200
1116
1418
1117
1121
1118
1419
1119
1128
1420
1122
1421
1201
1422
1123
1423
1304
1124
1202
1125
1129
1126
1203
1127
1136
1204
1130
1205
1305
1206
1131
1207
1208
1132
1306
1133
1137
1134
1307
1135
1144
1308
1138
1309
1209
1310
1139
1311
1664
1140
1210
1141
1145
1142
1211
1143
1216
1212
1146
1213
1665
1214
1147
1215
1312
1148
1666
1149
1217
1150
1667
1151
1224
1668
1218
1669
1313
1670
1219
1671
1424
1220
1314
1221
1225
1222
1315
1223
1232
1316
1226
1317
1425
1318
1227
1319
1320
1228
1426
1229
1233
1230
1427
1231
1240
1428
1234
1429
1321
1430
1235
1431
1544
1236
1322
1237
1241
1238
1323
1239
1248
1324
1242
1325
1545
1326
1243
1327
1328
1244
1546
1245
1249
1246
1547
1247
1256
1548
1250
1549
1329
1550
1251
1551
1432
1252
1330
1253
1257
1254
1331
1255
1264
1332
1258
1333
1433
1334
1259
1335
1336
1260
1434
1261
1265
1262
1435
1263
1272
1436
1266
1437
1337
1438
1267
1439
1792
1268
1338
1269
1273
1270
1339
1271
1344
1340
1274
1341
1793
1342
1275
1343
1440
1276
1794
1277
1345
1278
1795
1279
1352
1796
1346
1797
1441
1798
1347
1799
1552
1348
1442
1349
1353
1350
1443
1351
1360
1444
1354
1445
1553
1446
1355
1447
1448
1356
1554
1357
1361
1358
1555
1359
1368
1556
1362
1557
1449
1558
1363
1559
1672
1364
1450
1365
1369
1366
1451
1367
1376
1452
1370
1453
1673
1454
1371
1455
1456
1372
1674
1373
1377
1374
1675
1375
1384
1676
1378
1677
1457
1678
1379
1679
1560
1380
1458
1381
1385
1382
1459
1383
1392
1460
1386
1461
1561
1462
1387
1463
1464
1388
1562
1389
1393
1390
1563
1391
1400
1564
1394
1565
1465
1566
1395
1567
1920
1396
1466
1397
1401
1398
1467
1399
1472
1468
1402
1469
1921
1470
1403
1471
1568
1404
1922
1405
1473
1406
1923
1407
1480
1924
1474
1925
1569
1926
1475
1927
1680
1476
1570
1477
1481
1478
1571
1479
1488
1572
1482
1573
1681
1574
1483
1575
1576
1484
1682
1485
1489
1486
1683
1487
1496
1684
1490
1685
1577
1686
1491
1687
1800
1492
1578
1493
1497
1494
1579
1495
1504
1580
1498
1581
1801
1582
1499
1583
1584
1500
1802
1501
1505
1502
1803
1503
1512
1804
1506
1805
1585
1806
1507
1807
1688
1508
1586
1509
1513
1510
1587
1511
1520
1588
1514
1589
1689
1590
1515
1591
1592
1516
1690
1517
1521
1518
1691
1519
1528
1692
1522
1693
1593
1694
1523
1695
1928
1524
1594
1525
1529
1526
1595
1527
1600
1596
1530
1597
1929
1598
1531
1599
1696
1532
1930
1533
1601
1534
1931
1535
1608
1932
1602
1933
1697
1934
1603
1935
1808
1604
1698
1605
1609
1606
1699
1607
1616
1700
1610
1701
1809
1702
1611
1703
1704
1612
1810
1613
1617
1614
1811
1615
1624
1812
1618
1813
1705
1814
1619
1815
1936
1620
1706
1621
1625
1622
1707
1623
1632
1708
1626
1709
1937
1710
1627
1711
1712
1628
1938
1629
1633
1630
1939
1631
1640
1940
1634
1941
1713
1942
1635
1943
1816
1636
1714
1637
1641
1638
1715
1639
1648
1716
1642
1717
1817
1718
1643
1719
1720
1644
1818
1645
1649
1646
1819
1647
1656
1820
1650
1821
1721
1822
1651
1823
1944
1652
1722
1653
1657
1654
1723
1655
1728
1724
1658
1725
1945
1726
1659
1727
1824
1660
1946
1661
1729
1662
1947
1663
1736
1948
1730
1949
1825
1950
1731
1951
1952
1732
1826
1733
1737
1734
1827
1735
1744
1828
1738
1829
1953
1830
1739
1831
1832
1740
1954
1741
1745
1742
1955
1743
1752
1956
1746
1957
1833
1958
1747
1959
1960
1748
1834
1749
1753
1750
1835
1751
1760
1836
1754
1837
1961
1838
1755
1839
1840
1756
1962
1757
1761
1758
1963
1759
1768
1964
1762
1965
1841
1966
1763
1967
1968
1764
1842
1765
1769
1766
1843
1767
1776
1844
1770
1845
1969
1846
1771
1847
1848
1772
1970
1773
1777
1774
1971
1775
1784
1972
1778
1973
1849
1974
1779
1975
1976
1780
1850
1781
1785
1782
1851
1783
1856
1852
1786
1853
1977
1854
1787
1855
1984
1788
1978
1789
1857
1790
1979
1791
1864
1980
1858
1981
1985
1982
1859
1983
1992
1860
1986
1861
1865
1862
1987
1863
1872
1988
1866
1989
1993
1990
1867
1991
2000
1868
1994
1869
1873
1870
1995
1871
1880
1996
1874
1997
2001
1998
1875
1999
2008
1876
2002
1877
1881
1878
2003
1879
1888
2004
1882
2005
2009
2006
1883
2007
2016
1884
2010
1885
1889
1886
2011
1887
1896
2012
1890
2013
2017
2014
1891
2015
2024
1892
2018
1893
1897
1894
2019
1895
1904
2020
1898
2021
2025
2022
1899
2023
2032
1900
2026
1901
1905
1902
2027
1903
1912
2028
1906
2029
2033
2030
1907
2031
2040
1908
2034
1909
1913
1910
2035
1911
2041
2036
1914
2037
2042
2038
1915
2039
2043
1916
2044
1917
2045
1918
2046
1919
2047
