#method=smallcheck
#elapsed_picoseconds=91330590000
0
2
1
18
6
274
3
34
10
402
4
19
7
275
5
50
14
282
8
20
11
276
9
35
15
403
12
21
16
277
13
66
17
530
22
278
36
404
23
279
51
283
24
280
37
405
25
281
82
290
26
406
38
284
27
407
52
531
28
408
39
285
29
409
67
410
30
286
40
532
31
287
53
291
32
288
41
533
33
289
98
298
42
534
54
292
43
535
68
411
44
536
55
293
45
537
83
658
46
294
56
412
47
295
69
299
48
296
57
413
49
297
114
306
58
414
70
300
59
415
84
659
60
416
71
301
61
417
99
418
62
302
72
660
63
303
85
307
64
304
73
661
65
305
130
314
74
662
86
308
75
663
100
419
76
664
87
309
77
665
115
538
78
310
88
420
79
311
101
315
80
312
89
421
81
313
146
322
90
422
102
316
91
423
116
539
92
424
103
317
93
425
131
426
94
318
104
540
95
319
117
323
96
320
105
541
97
321
162
330
106
542
118
324
107
543
132
427
108
544
119
325
109
545
147
786
110
326
120
428
111
327
133
331
112
328
121
429
113
329
178
338
122
430
134
332
123
431
148
787
124
432
135
333
125
433
163
434
126
334
136
788
127
335
149
339
128
336
137
789
129
337
194
346
138
790
150
340
139
791
164
435
140
792
151
341
141
793
179
546
142
342
152
436
143
343
165
347
144
344
153
437
145
345
210
354
154
438
166
348
155
439
180
547
156
440
167
349
157
441
195
442
158
350
168
548
159
351
181
355
160
352
169
549
161
353
226
362
170
550
182
356
171
551
196
443
172
552
183
357
173
553
211
666
174
358
184
444
175
359
197
363
176
360
185
445
177
361
242
370
186
446
198
364
187
447
212
667
188
448
199
365
189
449
227
450
190
366
200
668
191
367
213
371
192
368
201
669
193
369
258
378
202
670
214
372
203
671
228
451
204
672
215
373
205
673
243
554
206
374
216
452
207
375
229
379
208
376
217
453
209
377
259
386
218
454
230
380
219
455
244
555
220
456
231
381
221
457
260
458
222
382
232
556
223
383
245
387
224
384
233
557
225
385
261
394
234
558
246
388
235
559
262
459
236
560
247
389
237
561
263
914
238
390
248
460
239
391
264
395
240
392
249
461
241
393
265
466
250
462
266
396
251
463
267
915
252
464
268
397
253
465
269
562
254
398
270
916
255
399
271
467
256
400
272
917
257
401
273
474
918
468
919
563
920
469
921
674
470
564
471
475
472
565
473
482
566
476
567
675
568
477
569
570
478
676
479
483
480
677
481
490
678
484
679
571
680
485
681
794
486
572
487
491
488
573
489
498
574
492
575
795
576
493
577
578
494
796
495
499
496
797
497
506
798
500
799
579
800
501
801
682
502
580
503
507
504
581
505
514
582
508
583
683
584
509
585
586
510
684
511
515
512
685
513
522
686
516
687
587
688
517
689
1042
518
588
519
523
520
589
521
594
590
524
591
1043
592
525
593
690
526
1044
527
595
528
1045
529
602
1046
596
1047
691
1048
597
1049
802
598
692
599
603
600
693
601
610
694
604
695
803
696
605
697
698
606
804
607
611
608
805
609
618
806
612
807
699
808
613
809
922
614
700
615
619
616
701
617
626
702
620
703
923
704
621
705
706
622
924
623
627
624
925
625
634
926
628
927
707
928
629
929
810
630
708
631
635
632
709
633
642
710
636
711
811
712
637
713
714
638
812
639
643
640
813
641
650
814
644
815
715
816
645
817
1170
646
716
647
651
648
717
649
722
718
652
719
1171
720
653
721
818
654
1172
655
723
656
1173
657
730
1174
724
1175
819
1176
725
1177
930
726
820
727
731
728
821
729
738
822
732
823
931
824
733
825
826
734
932
735
739
736
933
737
746
934
740
935
827
936
741
937
1050
742
828
743
747
744
829
745
754
830
748
831
1051
832
749
833
834
750
1052
751
755
752
1053
753
762
1054
756
1055
835
1056
757
1057
938
758
836
759
763
760
837
761
770
838
764
839
939
840
765
841
842
766
940
767
771
768
941
769
778
942
772
943
843
944
773
945
1298
774
844
775
779
776
845
777
850
846
780
847
1299
848
781
849
946
782
1300
783
851
784
1301
785
858
1302
852
1303
947
1304
853
1305
1058
854
948
855
859
856
949
857
866
950
860
951
1059
952
861
953
954
862
1060
863
867
864
1061
865
874
1062
868
1063
955
1064
869
1065
1178
870
956
871
875
872
957
873
882
958
876
959
1179
960
877
961
962
878
1180
879
883
880
1181
881
890
1182
884
1183
963
1184
885
1185
1066
886
964
887
891
888
965
889
898
966
892
967
1067
968
893
969
970
894
1068
895
899
896
1069
897
906
1070
900
1071
971
1072
901
1073
1426
902
972
903
907
904
973
905
978
974
908
975
1427
976
909
977
1074
910
1428
911
979
912
1429
913
986
1430
980
1431
1075
1432
981
1433
1186
982
1076
983
987
984
1077
985
994
1078
988
1079
1187
1080
989
1081
1082
990
1188
991
995
992
1189
993
1002
1190
996
1191
1083
1192
997
1193
1306
998
1084
999
1003
1000
1085
1001
1010
1086
1004
1087
1307
1088
1005
1089
1090
1006
1308
1007
1011
1008
1309
1009
1018
1310
1012
1311
1091
1312
1013
1313
1194
1014
1092
1015
1019
1016
1093
1017
1026
1094
1020
1095
1195
1096
1021
1097
1098
1022
1196
1023
1027
1024
1197
1025
1034
1198
1028
1199
1099
1200
1029
1201
1554
1030
1100
1031
1035
1032
1101
1033
1106
1102
1036
1103
1555
1104
1037
1105
1202
1038
1556
1039
1107
1040
1557
1041
1114
1558
1108
1559
1203
1560
1109
1561
1314
1110
1204
1111
1115
1112
1205
1113
1122
1206
1116
1207
1315
1208
1117
1209
1210
1118
1316
1119
1123
1120
1317
1121
1130
1318
1124
1319
1211
1320
1125
1321
1434
1126
1212
1127
1131
1128
1213
1129
1138
1214
1132
1215
1435
1216
1133
1217
1218
1134
1436
1135
1139
1136
1437
1137
1146
1438
1140
1439
1219
1440
1141
1441
1322
1142
1220
1143
1147
1144
1221
1145
1154
1222
1148
1223
1323
1224
1149
1225
1226
1150
1324
1151
1155
1152
1325
1153
1162
1326
1156
1327
1227
1328
1157
1329
1682
1158
1228
1159
1163
1160
1229
1161
1234
1230
1164
1231
1683
1232
1165
1233
1330
1166
1684
1167
1235
1168
1685
1169
1242
1686
1236
1687
1331
1688
1237
1689
1442
1238
1332
1239
1243
1240
1333
1241
1250
1334
1244
1335
1443
1336
1245
1337
1338
1246
1444
1247
1251
1248
1445
1249
1258
1446
1252
1447
1339
1448
1253
1449
1562
1254
1340
1255
1259
1256
1341
1257
1266
1342
1260
1343
1563
1344
1261
1345
1346
1262
1564
1263
1267
1264
1565
1265
1274
1566
1268
1567
1347
1568
1269
1569
1450
1270
1348
1271
1275
1272
1349
1273
1282
1350
1276
1351
1451
1352
1277
1353
1354
1278
1452
1279
1283
1280
1453
1281
1290
1454
1284
1455
1355
1456
1285
1457
1810
1286
1356
1287
1291
1288
1357
1289
1362
1358
1292
1359
1811
1360
1293
1361
1458
1294
1812
1295
1363
1296
1813
1297
1370
1814
1364
1815
1459
1816
1365
1817
1570
1366
1460
1367
1371
1368
1461
1369
1378
1462
1372
1463
1571
1464
1373
1465
1466
1374
1572
1375
1379
1376
1573
1377
1386
1574
1380
1575
1467
1576
1381
1577
1690
1382
1468
1383
1387
1384
1469
1385
1394
1470
1388
1471
1691
1472
1389
1473
1474
1390
1692
1391
1395
1392
1693
1393
1402
1694
1396
1695
1475
1696
1397
1697
1578
1398
1476
1399
1403
1400
1477
1401
1410
1478
1404
1479
1579
1480
1405
1481
1482
1406
1580
1407
1411
1408
1581
1409
1418
1582
1412
1583
1483
1584
1413
1585
1938
1414
1484
1415
1419
1416
1485
1417
1490
1486
1420
1487
1939
1488
1421
1489
1586
1422
1940
1423
1491
1424
1941
1425
1498
1942
1492
1943
1587
1944
1493
1945
1698
1494
1588
1495
1499
1496
1589
1497
1506
1590
1500
1591
1699
1592
1501
1593
1594
1502
1700
1503
1507
1504
1701
1505
1514
1702
1508
1703
1595
1704
1509
1705
1818
1510
1596
1511
1515
1512
1597
1513
1522
1598
1516
1599
1819
1600
1517
1601
1602
1518
1820
1519
1523
1520
1821
1521
1530
1822
1524
1823
1603
1824
1525
1825
1706
1526
1604
1527
1531
1528
1605
1529
1538
1606
1532
1607
1707
1608
1533
1609
1610
1534
1708
1535
1539
1536
1709
1537
1546
1710
1540
1711
1611
1712
1541
1713
2066
1542
1612
1543
1547
1544
1613
1545
1618
1614
1548
1615
2067
1616
1549
1617
1714
1550
2068
1551
1619
1552
2069
1553
1626
2070
1620
2071
1715
2072
1621
2073
1826
1622
1716
1623
1627
1624
1717
1625
1634
1718
1628
1719
1827
1720
1629
1721
1722
1630
1828
1631
1635
1632
1829
1633
1642
1830
1636
1831
1723
1832
1637
1833
1946
1638
1724
1639
1643
1640
1725
1641
1650
1726
1644
1727
1947
1728
1645
1729
1730
1646
1948
1647
1651
1648
1949
1649
1658
1950
1652
1951
1731
1952
1653
1953
1834
1654
1732
1655
1659
1656
1733
1657
1666
1734
1660
1735
1835
1736
1661
1737
1738
1662
1836
1663
1667
1664
1837
1665
1674
1838
1668
1839
1739
1840
1669
1841
2194
1670
1740
1671
1675
1672
1741
1673
1746
1742
1676
1743
2195
1744
1677
1745
1842
1678
2196
1679
1747
1680
2197
1681
1754
2198
1748
2199
1843
2200
1749
2201
1954
1750
1844
1751
1755
1752
1845
1753
1762
1846
1756
1847
1955
1848
1757
1849
1850
1758
1956
1759
1763
1760
1957
1761
1770
1958
1764
1959
1851
1960
1765
1961
2074
1766
1852
1767
1771
1768
1853
1769
1778
1854
1772
1855
2075
1856
1773
1857
1858
1774
2076
1775
1779
1776
2077
1777
1786
2078
1780
2079
1859
2080
1781
2081
1962
1782
1860
1783
1787
1784
1861
1785
1794
1862
1788
1863
1963
1864
1789
1865
1866
1790
1964
1791
1795
1792
1965
1793
1802
1966
1796
1967
1867
1968
1797
1969
2202
1798
1868
1799
1803
1800
1869
1801
1874
1870
1804
1871
2203
1872
1805
1873
1970
1806
2204
1807
1875
1808
2205
1809
1882
2206
1876
2207
1971
2208
1877
2209
2082
1878
1972
1879
1883
1880
1973
1881
1890
1974
1884
1975
2083
1976
1885
1977
1978
1886
2084
1887
1891
1888
2085
1889
1898
2086
1892
2087
1979
2088
1893
2089
2210
1894
1980
1895
1899
1896
1981
1897
1906
1982
1900
1983
2211
1984
1901
1985
1986
1902
2212
1903
1907
1904
2213
1905
1914
2214
1908
2215
1987
2216
1909
2217
2090
1910
1988
1911
1915
1912
1989
1913
1922
1990
1916
1991
2091
1992
1917
1993
1994
1918
2092
1919
1923
1920
2093
1921
1930
2094
1924
2095
1995
2096
1925
2097
2218
1926
1996
1927
1931
1928
1997
1929
2002
1998
1932
1999
2219
2000
1933
2001
2098
1934
2220
1935
2003
1936
2221
1937
2010
2222
2004
2223
2099
2224
2005
2225
2226
2006
2100
2007
2011
2008
2101
2009
2018
2102
2012
2103
2227
2104
2013
2105
2106
2014
2228
2015
2019
2016
2229
2017
2026
2230
2020
2231
2107
2232
2021
2233
2234
2022
2108
2023
2027
2024
2109
2025
2034
2110
2028
2111
2235
2112
2029
2113
2114
2030
2236
2031
2035
2032
2237
2033
2042
2238
2036
2239
2115
2240
2037
2241
2242
2038
2116
2039
2043
2040
2117
2041
2050
2118
2044
2119
2243
2120
2045
2121
2122
2046
2244
2047
2051
2048
2245
2049
2058
2246
2052
2247
2123
2248
2053
2249
2250
2054
2124
2055
2059
2056
2125
2057
2130
2126
2060
2127
2251
2128
2061
2129
2258
2062
2252
2063
2131
2064
2253
2065
2138
2254
2132
2255
2259
2256
2133
2257
2266
2134
2260
2135
2139
2136
2261
2137
2146
2262
2140
2263
2267
2264
2141
2265
2274
2142
2268
2143
2147
2144
2269
2145
2154
2270
2148
2271
2275
2272
2149
2273
2282
2150
2276
2151
2155
2152
2277
2153
2162
2278
2156
2279
2283
2280
2157
2281
2290
2158
2284
2159
2163
2160
2285
2161
2170
2286
2164
2287
2291
2288
2165
2289
2298
2166
2292
2167
2171
2168
2293
2169
2178
2294
2172
2295
2299
2296
2173
2297
2306
2174
2300
2175
2179
2176
2301
2177
2186
2302
2180
2303
2307
2304
2181
2305
2314
2182
2308
2183
2187
2184
2309
2185
2315
2310
2188
2311
2316
2312
2189
2313
2317
2190
2318
2191
2319
2192
2320
2193
2321
