#method=smallcheck
#elapsed_picoseconds=20779242000
0
16
1
1040
2
144
3
1104
4
17
5
1056
6
24
7
1108
8
18
9
1041
10
145
11
1105
12
19
13
1072
14
272
15
1109
20
1042
146
1106
21
1057
25
1110
22
1043
147
1107
23
1088
32
1111
148
1044
26
1058
149
1045
273
1073
150
1046
27
1059
151
1047
152
1089
28
1048
274
1060
29
1049
33
1074
30
1050
275
1061
31
1051
40
1090
276
1052
34
1062
277
1053
153
1075
278
1054
35
1063
279
1055
400
1091
36
1064
154
1076
37
1065
41
1092
38
1066
155
1077
39
1067
48
1093
156
1068
42
1078
157
1069
401
1094
158
1070
43
1079
159
1071
160
1095
44
1080
402
1096
45
1081
49
1097
46
1082
403
1098
47
1083
56
1099
404
1084
50
1100
405
1085
161
1101
406
1086
51
1102
407
1087
280
1103
52
162
53
57
54
163
55
64
164
58
165
281
166
59
167
168
60
282
61
65
62
283
63
72
284
66
285
169
286
67
287
528
68
170
69
73
70
171
71
80
172
74
173
529
174
75
175
176
76
530
77
81
78
531
79
88
532
82
533
177
534
83
535
288
84
178
85
89
86
179
87
96
180
90
181
289
182
91
183
184
92
290
93
97
94
291
95
104
292
98
293
185
294
99
295
408
100
186
101
105
102
187
103
112
188
106
189
409
190
107
191
192
108
410
109
113
110
411
111
120
412
114
413
193
414
115
415
296
116
194
117
121
118
195
119
128
196
122
197
297
198
123
199
200
124
298
125
129
126
299
127
136
300
130
301
201
302
131
303
656
132
202
133
137
134
203
135
208
204
138
205
657
206
139
207
304
140
658
141
209
142
659
143
216
660
210
661
305
662
211
663
416
212
306
213
217
214
307
215
224
308
218
309
417
310
219
311
312
220
418
221
225
222
419
223
232
420
226
421
313
422
227
423
536
228
314
229
233
230
315
231
240
316
234
317
537
318
235
319
320
236
538
237
241
238
539
239
248
540
242
541
321
542
243
543
424
244
322
245
249
246
323
247
256
324
250
325
425
326
251
327
328
252
426
253
257
254
427
255
264
428
258
429
329
430
259
431
784
260
330
261
265
262
331
263
336
332
266
333
785
334
267
335
432
268
786
269
337
270
787
271
344
788
338
789
433
790
339
791
544
340
434
341
345
342
435
343
352
436
346
437
545
438
347
439
440
348
546
349
353
350
547
351
360
548
354
549
441
550
355
551
664
356
442
357
361
358
443
359
368
444
362
445
665
446
363
447
448
364
666
365
369
366
667
367
376
668
370
669
449
670
371
671
552
372
450
373
377
374
451
375
384
452
378
453
553
454
379
455
456
380
554
381
385
382
555
383
392
556
386
557
457
558
387
559
912
388
458
389
393
390
459
391
464
460
394
461
913
462
395
463
560
396
914
397
465
398
915
399
472
916
466
917
561
918
467
919
672
468
562
469
473
470
563
471
480
564
474
565
673
566
475
567
568
476
674
477
481
478
675
479
488
676
482
677
569
678
483
679
792
484
570
485
489
486
571
487
496
572
490
573
793
574
491
575
576
492
794
493
497
494
795
495
504
796
498
797
577
798
499
799
680
500
578
501
505
502
579
503
512
580
506
581
681
582
507
583
584
508
682
509
513
510
683
511
520
684
514
685
585
686
515
687
920
516
586
517
521
518
587
519
592
588
522
589
921
590
523
591
688
524
922
525
593
526
923
527
600
924
594
925
689
926
595
927
800
596
690
597
601
598
691
599
608
692
602
693
801
694
603
695
696
604
802
605
609
606
803
607
616
804
610
805
697
806
611
807
928
612
698
613
617
614
699
615
624
700
618
701
929
702
619
703
704
620
930
621
625
622
931
623
632
932
626
933
705
934
627
935
808
628
706
629
633
630
707
631
640
708
634
709
809
710
635
711
712
636
810
637
641
638
811
639
648
812
642
813
713
814
643
815
936
644
714
645
649
646
715
647
720
716
650
717
937
718
651
719
816
652
938
653
721
654
939
655
728
940
722
941
817
942
723
943
944
724
818
725
729
726
819
727
736
820
730
821
945
822
731
823
824
732
946
733
737
734
947
735
744
948
738
949
825
950
739
951
952
740
826
741
745
742
827
743
752
828
746
829
953
830
747
831
832
748
954
749
753
750
955
751
760
956
754
957
833
958
755
959
960
756
834
757
761
758
835
759
768
836
762
837
961
838
763
839
840
764
962
765
769
766
963
767
776
964
770
965
841
966
771
967
968
772
842
773
777
774
843
775
848
844
778
845
969
846
779
847
976
780
970
781
849
782
971
783
856
972
850
973
977
974
851
975
984
852
978
853
857
854
979
855
864
980
858
981
985
982
859
983
992
860
986
861
865
862
987
863
872
988
866
989
993
990
867
991
1000
868
994
869
873
870
995
871
880
996
874
997
1001
998
875
999
1008
876
1002
877
881
878
1003
879
888
1004
882
1005
1009
1006
883
1007
1016
884
1010
885
889
886
1011
887
896
1012
890
1013
1017
1014
891
1015
1024
892
1018
893
897
894
1019
895
904
1020
898
1021
1025
1022
899
1023
1032
900
1026
901
905
902
1027
903
1033
1028
906
1029
1034
1030
907
1031
1035
908
1036
909
1037
910
1038
911
1039
