#method=smallcheck
#elapsed_picoseconds=108958782000
0
128
8
2176
1
256
16
2432
2
129
9
2192
3
136
24
2448
4
130
10
2177
5
257
17
2433
6
131
11
2208
7
384
32
2436
12
132
18
2178
13
258
25
2434
14
133
19
2193
15
137
40
2449
20
134
26
2179
21
259
33
2435
22
135
27
2224
23
144
48
2464
28
260
34
2180
29
138
41
2450
30
261
35
2194
31
385
56
2437
36
262
42
2181
37
139
49
2451
38
263
43
2209
39
264
64
2440
44
140
50
2182
45
386
57
2438
46
141
51
2195
47
145
72
2465
52
142
58
2183
53
387
65
2439
54
143
59
2240
55
152
80
2452
60
388
66
2184
61
146
73
2466
62
389
67
2196
63
265
88
2441
68
390
74
2185
69
147
81
2467
70
391
75
2210
71
512
96
2444
76
148
82
2186
77
266
89
2442
78
149
83
2197
79
153
104
2453
84
150
90
2187
85
267
97
2443
86
151
91
2225
87
160
112
2480
92
268
98
2188
93
154
105
2454
94
269
99
2198
95
513
120
2445
100
270
106
2189
101
155
113
2455
102
271
107
2211
103
272
121
2456
108
156
114
2190
109
514
122
2446
110
157
115
2199
111
161
123
2481
116
158
124
2191
117
515
125
2447
118
159
126
2256
119
168
127
2468
516
2200
162
2482
517
2212
273
2457
518
2201
163
2483
519
2226
392
2460
164
2202
274
2458
165
2213
169
2469
166
2203
275
2459
167
2241
176
2484
276
2204
170
2470
277
2214
393
2461
278
2205
171
2471
279
2227
280
2472
172
2206
394
2462
173
2215
177
2485
174
2207
395
2463
175
2272
184
2488
396
2216
178
2486
397
2228
281
2473
398
2217
179
2487
399
2242
640
2476
180
2218
282
2474
181
2229
185
2489
182
2219
283
2475
183
2257
192
2492
284
2220
186
2490
285
2230
641
2477
286
2221
187
2491
287
2243
288
2493
188
2222
642
2478
189
2231
193
2494
190
2223
643
2479
191
2288
200
2495
644
2232
194
2244
645
2233
289
2258
646
2234
195
2245
647
2235
400
2273
196
2236
290
2246
197
2237
201
2259
198
2238
291
2247
199
2239
208
2304
292
2248
202
2260
293
2249
401
2274
294
2250
203
2261
295
2251
296
2289
204
2252
402
2262
205
2253
209
2275
206
2254
403
2263
207
2255
216
2320
404
2264
210
2276
405
2265
297
2290
406
2266
211
2277
407
2267
520
2305
212
2268
298
2278
213
2269
217
2291
214
2270
299
2279
215
2271
224
2336
300
2280
218
2292
301
2281
521
2306
302
2282
219
2293
303
2283
304
2321
220
2284
522
2294
221
2285
225
2307
222
2286
523
2295
223
2287
232
2352
524
2296
226
2308
525
2297
305
2322
526
2298
227
2309
527
2299
408
2337
228
2300
306
2310
229
2301
233
2323
230
2302
307
2311
231
2303
240
2368
308
2312
234
2324
309
2313
409
2338
310
2314
235
2325
311
2315
312
2353
236
2316
410
2326
237
2317
241
2339
238
2318
411
2327
239
2319
248
2384
412
2328
242
2340
413
2329
313
2354
414
2330
243
2341
415
2331
768
2369
244
2332
314
2342
245
2333
249
2355
246
2334
315
2343
247
2335
320
2400
316
2344
250
2356
317
2345
769
2370
318
2346
251
2357
319
2347
416
2385
252
2348
770
2358
253
2349
321
2371
254
2350
771
2359
255
2351
328
2416
772
2360
322
2372
773
2361
417
2386
774
2362
323
2373
775
2363
528
2401
324
2364
418
2374
325
2365
329
2387
326
2366
419
2375
327
2367
336
2417
420
2376
330
2388
421
2377
529
2402
422
2378
331
2389
423
2379
424
2418
332
2380
530
2390
333
2381
337
2403
334
2382
531
2391
335
2383
344
2419
532
2392
338
2404
533
2393
425
2420
534
2394
339
2405
535
2395
648
2421
340
2396
426
2406
341
2397
345
2422
342
2398
427
2407
343
2399
352
2423
428
2408
346
2424
429
2409
649
2425
430
2410
347
2426
431
2411
432
2427
348
2412
650
2428
349
2413
353
2429
350
2414
651
2430
351
2415
360
2431
652
354
653
433
654
355
655
536
356
434
357
361
358
435
359
368
436
362
437
537
438
363
439
440
364
538
365
369
366
539
367
376
540
370
541
441
542
371
543
896
372
442
373
377
374
443
375
448
444
378
445
897
446
379
447
544
380
898
381
449
382
899
383
456
900
450
901
545
902
451
903
656
452
546
453
457
454
547
455
464
548
458
549
657
550
459
551
552
460
658
461
465
462
659
463
472
660
466
661
553
662
467
663
776
468
554
469
473
470
555
471
480
556
474
557
777
558
475
559
560
476
778
477
481
478
779
479
488
780
482
781
561
782
483
783
664
484
562
485
489
486
563
487
496
564
490
565
665
566
491
567
568
492
666
493
497
494
667
495
504
668
498
669
569
670
499
671
1024
500
570
501
505
502
571
503
576
572
506
573
1025
574
507
575
672
508
1026
509
577
510
1027
511
584
1028
578
1029
673
1030
579
1031
784
580
674
581
585
582
675
583
592
676
586
677
785
678
587
679
680
588
786
589
593
590
787
591
600
788
594
789
681
790
595
791
904
596
682
597
601
598
683
599
608
684
602
685
905
686
603
687
688
604
906
605
609
606
907
607
616
908
610
909
689
910
611
911
792
612
690
613
617
614
691
615
624
692
618
693
793
694
619
695
696
620
794
621
625
622
795
623
632
796
626
797
697
798
627
799
1152
628
698
629
633
630
699
631
704
700
634
701
1153
702
635
703
800
636
1154
637
705
638
1155
639
712
1156
706
1157
801
1158
707
1159
912
708
802
709
713
710
803
711
720
804
714
805
913
806
715
807
808
716
914
717
721
718
915
719
728
916
722
917
809
918
723
919
1032
724
810
725
729
726
811
727
736
812
730
813
1033
814
731
815
816
732
1034
733
737
734
1035
735
744
1036
738
1037
817
1038
739
1039
920
740
818
741
745
742
819
743
752
820
746
821
921
822
747
823
824
748
922
749
753
750
923
751
760
924
754
925
825
926
755
927
1280
756
826
757
761
758
827
759
832
828
762
829
1281
830
763
831
928
764
1282
765
833
766
1283
767
840
1284
834
1285
929
1286
835
1287
1040
836
930
837
841
838
931
839
848
932
842
933
1041
934
843
935
936
844
1042
845
849
846
1043
847
856
1044
850
1045
937
1046
851
1047
1160
852
938
853
857
854
939
855
864
940
858
941
1161
942
859
943
944
860
1162
861
865
862
1163
863
872
1164
866
1165
945
1166
867
1167
1048
868
946
869
873
870
947
871
880
948
874
949
1049
950
875
951
952
876
1050
877
881
878
1051
879
888
1052
882
1053
953
1054
883
1055
1408
884
954
885
889
886
955
887
960
956
890
957
1409
958
891
959
1056
892
1410
893
961
894
1411
895
968
1412
962
1413
1057
1414
963
1415
1168
964
1058
965
969
966
1059
967
976
1060
970
1061
1169
1062
971
1063
1064
972
1170
973
977
974
1171
975
984
1172
978
1173
1065
1174
979
1175
1288
980
1066
981
985
982
1067
983
992
1068
986
1069
1289
1070
987
1071
1072
988
1290
989
993
990
1291
991
1000
1292
994
1293
1073
1294
995
1295
1176
996
1074
997
1001
998
1075
999
1008
1076
1002
1077
1177
1078
1003
1079
1080
1004
1178
1005
1009
1006
1179
1007
1016
1180
1010
1181
1081
1182
1011
1183
1536
1012
1082
1013
1017
1014
1083
1015
1088
1084
1018
1085
1537
1086
1019
1087
1184
1020
1538
1021
1089
1022
1539
1023
1096
1540
1090
1541
1185
1542
1091
1543
1296
1092
1186
1093
1097
1094
1187
1095
1104
1188
1098
1189
1297
1190
1099
1191
1192
1100
1298
1101
1105
1102
1299
1103
1112
1300
1106
1301
1193
1302
1107
1303
1416
1108
1194
1109
1113
1110
1195
1111
1120
1196
1114
1197
1417
1198
1115
1199
1200
1116
1418
1117
1121
1118
1419
1119
1128
1420
1122
1421
1201
1422
1123
1423
1304
1124
1202
1125
1129
1126
1203
1127
1136
1204
1130
1205
1305
1206
1131
1207
1208
1132
1306
1133
1137
1134
1307
1135
1144
1308
1138
1309
1209
1310
1139
1311
1664
1140
1210
1141
1145
1142
1211
1143
1216
1212
1146
1213
1665
1214
1147
1215
1312
1148
1666
1149
1217
1150
1667
1151
1224
1668
1218
1669
1313
1670
1219
1671
1424
1220
1314
1221
1225
1222
1315
1223
1232
1316
1226
1317
1425
1318
1227
1319
1320
1228
1426
1229
1233
1230
1427
1231
1240
1428
1234
1429
1321
1430
1235
1431
1544
1236
1322
1237
1241
1238
1323
1239
1248
1324
1242
1325
1545
1326
1243
1327
1328
1244
1546
1245
1249
1246
1547
1247
1256
1548
1250
1549
1329
1550
1251
1551
1432
1252
1330
1253
1257
1254
1331
1255
1264
1332
1258
1333
1433
1334
1259
1335
1336
1260
1434
1261
1265
1262
1435
1263
1272
1436
1266
1437
1337
1438
1267
1439
1792
1268
1338
1269
1273
1270
1339
1271
1344
1340
1274
1341
1793
1342
1275
1343
1440
1276
1794
1277
1345
1278
1795
1279
1352
1796
1346
1797
1441
1798
1347
1799
1552
1348
1442
1349
1353
1350
1443
1351
1360
1444
1354
1445
1553
1446
1355
1447
1448
1356
1554
1357
1361
1358
1555
1359
1368
1556
1362
1557
1449
1558
1363
1559
1672
1364
1450
1365
1369
1366
1451
1367
1376
1452
1370
1453
1673
1454
1371
1455
1456
1372
1674
1373
1377
1374
1675
1375
1384
1676
1378
1677
1457
1678
1379
1679
1560
1380
1458
1381
1385
1382
1459
1383
1392
1460
1386
1461
1561
1462
1387
1463
1464
1388
1562
1389
1393
1390
1563
1391
1400
1564
1394
1565
1465
1566
1395
1567
1920
1396
1466
1397
1401
1398
1467
1399
1472
1468
1402
1469
1921
1470
1403
1471
1568
1404
1922
1405
1473
1406
1923
1407
1480
1924
1474
1925
1569
1926
1475
1927
1680
1476
1570
1477
1481
1478
1571
1479
1488
1572
1482
1573
1681
1574
1483
1575
1576
1484
1682
1485
1489
1486
1683
1487
1496
1684
1490
1685
1577
1686
1491
1687
1800
1492
1578
1493
1497
1494
1579
1495
1504
1580
1498
1581
1801
1582
1499
1583
1584
1500
1802
1501
1505
1502
1803
1503
1512
1804
1506
1805
1585
1806
1507
1807
1688
1508
1586
1509
1513
1510
1587
1511
1520
1588
1514
1589
1689
1590
1515
1591
1592
1516
1690
1517
1521
1518
1691
1519
1528
1692
1522
1693
1593
1694
1523
1695
2048
1524
1594
1525
1529
1526
1595
1527
1600
1596
1530
1597
2049
1598
1531
1599
1696
1532
2050
1533
1601
1534
2051
1535
1608
2052
1602
2053
1697
2054
1603
2055
1808
1604
1698
1605
1609
1606
1699
1607
1616
1700
1610
1701
1809
1702
1611
1703
1704
1612
1810
1613
1617
1614
1811
1615
1624
1812
1618
1813
1705
1814
1619
1815
1928
1620
1706
1621
1625
1622
1707
1623
1632
1708
1626
1709
1929
1710
1627
1711
1712
1628
1930
1629
1633
1630
1931
1631
1640
1932
1634
1933
1713
1934
1635
1935
1816
1636
1714
1637
1641
1638
1715
1639
1648
1716
1642
1717
1817
1718
1643
1719
1720
1644
1818
1645
1649
1646
1819
1647
1656
1820
1650
1821
1721
1822
1651
1823
2056
1652
1722
1653
1657
1654
1723
1655
1728
1724
1658
1725
2057
1726
1659
1727
1824
1660
2058
1661
1729
1662
2059
1663
1736
2060
1730
2061
1825
2062
1731
2063
1936
1732
1826
1733
1737
1734
1827
1735
1744
1828
1738
1829
1937
1830
1739
1831
1832
1740
1938
1741
1745
1742
1939
1743
1752
1940
1746
1941
1833
1942
1747
1943
2064
1748
1834
1749
1753
1750
1835
1751
1760
1836
1754
1837
2065
1838
1755
1839
1840
1756
2066
1757
1761
1758
2067
1759
1768
2068
1762
2069
1841
2070
1763
2071
1944
1764
1842
1765
1769
1766
1843
1767
1776
1844
1770
1845
1945
1846
1771
1847
1848
1772
1946
1773
1777
1774
1947
1775
1784
1948
1778
1949
1849
1950
1779
1951
2072
1780
1850
1781
1785
1782
1851
1783
1856
1852
1786
1853
2073
1854
1787
1855
1952
1788
2074
1789
1857
1790
2075
1791
1864
2076
1858
2077
1953
2078
1859
2079
2080
1860
1954
1861
1865
1862
1955
1863
1872
1956
1866
1957
2081
1958
1867
1959
1960
1868
2082
1869
1873
1870
2083
1871
1880
2084
1874
2085
1961
2086
1875
2087
2088
1876
1962
1877
1881
1878
1963
1879
1888
1964
1882
1965
2089
1966
1883
1967
1968
1884
2090
1885
1889
1886
2091
1887
1896
2092
1890
2093
1969
2094
1891
2095
2096
1892
1970
1893
1897
1894
1971
1895
1904
1972
1898
1973
2097
1974
1899
1975
1976
1900
2098
1901
1905
1902
2099
1903
1912
2100
1906
2101
1977
2102
1907
2103
2104
1908
1978
1909
1913
1910
1979
1911
1984
1980
1914
1981
2105
1982
1915
1983
2112
1916
2106
1917
1985
1918
2107
1919
1992
2108
1986
2109
2113
2110
1987
2111
2120
1988
2114
1989
1993
1990
2115
1991
2000
2116
1994
2117
2121
2118
1995
2119
2128
1996
2122
1997
2001
1998
2123
1999
2008
2124
2002
2125
2129
2126
2003
2127
2136
2004
2130
2005
2009
2006
2131
2007
2016
2132
2010
2133
2137
2134
2011
2135
2144
2012
2138
2013
2017
2014
2139
2015
2024
2140
2018
2141
2145
2142
2019
2143
2152
2020
2146
2021
2025
2022
2147
2023
2032
2148
2026
2149
2153
2150
2027
2151
2160
2028
2154
2029
2033
2030
2155
2031
2040
2156
2034
2157
2161
2158
2035
2159
2168
2036
2162
2037
2041
2038
2163
2039
2169
2164
2042
2165
2170
2166
2043
2167
2171
2044
2172
2045
2173
2046
2174
2047
2175
