#method=smallcheck
#elapsed_picoseconds=770836365000
0
128
16
2176
1
256
32
6272
2
129
17
3200
3
136
48
6273
4
130
18
2177
5
257
33
6274
6
131
19
2180
7
384
64
6275
8
132
20
2178
9
258
34
6276
10
133
21
3201
11
137
49
6277
12
134
22
2179
13
259
35
6278
14
135
23
2192
15
144
80
6279
24
260
36
3202
25
138
50
6280
26
261
37
2181
27
385
65
6281
28
262
38
3203
29
139
51
6282
30
263
39
2184
31
264
96
6283
40
140
52
2182
41
386
66
6284
42
141
53
2193
43
145
81
6285
44
142
54
2183
45
387
67
6286
46
143
55
3204
47
152
112
6287
56
388
68
2194
57
146
82
2185
58
389
69
2195
59
265
97
2188
60
390
70
2186
61
147
83
3205
62
391
71
2187
63
512
113
2240
72
148
84
3206
73
266
98
2189
74
149
85
3207
75
153
114
3208
76
150
86
2190
77
267
99
2241
78
151
87
2191
79
160
115
2196
88
268
100
2242
89
154
116
3209
90
269
101
2243
91
513
117
3212
92
270
102
3210
93
155
118
2197
94
271
103
3211
95
272
119
2208
104
156
120
2198
105
514
121
3213
106
157
122
2199
107
161
123
2200
108
158
124
3214
109
515
125
2209
110
159
126
3215
111
168
127
2244
516
2210
162
2201
517
2211
273
2204
518
2202
163
2245
519
2203
392
3216
164
2246
274
2205
165
2247
169
2248
166
2206
275
3217
167
2207
176
2212
276
3218
170
2249
277
3219
393
2252
278
2250
171
2213
279
2251
280
2224
172
2214
394
2253
173
2215
177
2216
174
2254
395
2225
175
2255
184
3220
396
2226
178
2217
397
2227
281
2220
398
2218
179
3221
399
2219
640
2432
180
3222
282
2221
181
3223
185
3224
182
2222
283
2433
183
2223
192
2228
284
2434
186
3225
285
2435
641
3228
286
3226
187
2229
287
3227
288
3232
188
2230
642
3229
189
2231
193
2232
190
3230
643
3233
191
3231
200
2436
644
3234
194
2233
645
3235
289
2236
646
2234
195
2437
647
2235
400
2256
196
2438
290
2237
197
2439
201
2440
198
2238
291
2257
199
2239
208
3236
292
2258
202
2441
293
2259
401
2444
294
2442
203
3237
295
2443
296
3248
204
3238
402
2445
205
3239
209
3240
206
2446
403
3249
207
2447
216
2260
404
3250
210
3241
405
3251
297
3244
406
3242
211
2261
407
3243
520
2304
212
2262
298
3245
213
2263
217
2264
214
3246
299
2305
215
3247
224
3252
300
2306
218
2265
301
2307
521
2268
302
2266
219
3253
303
2267
304
2272
220
3254
522
2269
221
3255
225
3256
222
2270
523
2273
223
2271
232
2308
524
2274
226
3257
525
2275
305
3260
526
3258
227
2309
527
3259
408
2448
228
2310
306
3261
229
2311
233
2312
230
3262
307
2449
231
3263
240
2276
308
2450
234
2313
309
2451
409
2316
310
2314
235
2277
311
2315
312
2288
236
2278
410
2317
237
2279
241
2280
238
2318
411
2289
239
2319
248
2452
412
2290
242
2281
413
2291
313
2284
414
2282
243
2453
415
2283
768
3264
244
2454
314
2285
245
2455
249
2456
246
2286
315
3265
247
2287
320
2292
316
3266
250
2457
317
3267
769
2460
318
2458
251
2293
319
2459
416
2464
252
2294
770
2461
253
2295
321
2296
254
2462
771
2465
255
2463
328
3268
772
2466
322
2297
773
2467
417
2300
774
2298
323
3269
775
2299
528
2320
324
3270
418
2301
325
3271
329
3272
326
2302
419
2321
327
2303
336
2468
420
2322
330
3273
421
2323
529
3276
422
3274
331
2469
423
3275
424
2480
332
2470
530
3277
333
2471
337
2472
334
3278
531
2481
335
3279
344
2324
532
2482
338
2473
533
2483
425
2476
534
2474
339
2325
535
2475
648
2368
340
2326
426
2477
341
2327
345
2328
342
2478
427
2369
343
2479
352
2484
428
2370
346
2329
429
2371
649
2332
430
2330
347
2485
431
2331
432
2336
348
2486
650
2333
349
2487
353
2488
350
2334
651
2337
351
2335
360
2372
652
2338
354
2489
653
2339
433
2492
654
2490
355
2373
655
2491
536
3280
356
2374
434
2493
357
2375
361
2376
358
2494
435
3281
359
2495
368
2340
436
3282
362
2377
437
3283
537
2380
438
2378
363
2341
439
2379
440
2352
364
2342
538
2381
365
2343
369
2344
366
2382
539
2353
367
2383
376
3284
540
2354
370
2345
541
2355
441
2348
542
2346
371
3285
543
2347
896
4224
372
3286
442
2349
373
3287
377
3288
374
2350
443
4225
375
2351
448
2356
444
4226
378
3289
445
4227
897
3292
446
3290
379
2357
447
3291
544
3296
380
2358
898
3293
381
2359
449
2360
382
3294
899
3297
383
3295
456
4228
900
3298
450
2361
901
3299
545
2364
902
2362
451
4229
903
2363
656
2384
452
4230
546
2365
453
4231
457
4232
454
2366
547
2385
455
2367
464
3300
548
2386
458
4233
549
2387
657
4236
550
4234
459
3301
551
4235
552
3312
460
3302
658
4237
461
3303
465
3304
462
4238
659
3313
463
4239
472
2388
660
3314
466
3305
661
3315
553
3308
662
3306
467
2389
663
3307
776
3328
468
2390
554
3309
469
2391
473
2392
470
3310
555
3329
471
3311
480
3316
556
3330
474
2393
557
3331
777
2396
558
2394
475
3317
559
2395
560
2400
476
3318
778
2397
477
3319
481
3320
478
2398
779
2401
479
2399
488
3332
780
2402
482
3321
781
2403
561
3324
782
3322
483
3333
783
3323
664
4240
484
3334
562
3325
485
3335
489
3336
486
3326
563
4241
487
3327
496
2404
564
4242
490
3337
565
4243
665
3340
566
3338
491
2405
567
3339
568
2416
492
2406
666
3341
493
2407
497
2408
494
3342
667
2417
495
3343
504
4244
668
2418
498
2409
669
2419
569
2412
670
2410
499
4245
671
2411
1024
2496
500
4246
570
2413
501
4247
505
4248
502
2414
571
2497
503
2415
576
2420
572
2498
506
4249
573
2499
1025
4252
574
4250
507
2421
575
4251
672
4256
508
2422
1026
4253
509
2423
577
2424
510
4254
1027
4257
511
4255
584
2500
1028
4258
578
2425
1029
4259
673
2428
1030
2426
579
2501
1031
2427
784
3344
580
2502
674
2429
581
2503
585
2504
582
2430
675
3345
583
2431
592
4260
676
3346
586
2505
677
3347
785
2508
678
2506
587
4261
679
2507
680
4272
588
4262
786
2509
589
4263
593
4264
590
2510
787
4273
591
2511
600
3348
788
4274
594
4265
789
4275
681
4268
790
4266
595
3349
791
4267
904
3392
596
3350
682
4269
597
3351
601
3352
598
4270
683
3393
599
4271
608
4276
684
3394
602
3353
685
3395
905
3356
686
3354
603
4277
687
3355
688
3360
604
4278
906
3357
605
4279
609
4280
606
3358
907
3361
607
3359
616
3396
908
3362
610
4281
909
3363
689
4284
910
4282
611
3397
911
4283
792
2512
612
3398
690
4285
613
3399
617
3400
614
4286
691
2513
615
4287
624
3364
692
2514
618
3401
693
2515
793
3404
694
3402
619
3365
695
3403
696
3376
620
3366
794
3405
621
3367
625
3368
622
3406
795
3377
623
3407
632
2516
796
3378
626
3369
797
3379
697
3372
798
3370
627
2517
799
3371
1152
2688
628
2518
698
3373
629
2519
633
2520
630
3374
699
2689
631
3375
704
3380
700
2690
634
2521
701
2691
1153
2524
702
2522
635
3381
703
2523
800
2528
636
3382
1154
2525
637
3383
705
3384
638
2526
1155
2529
639
2527
712
2692
1156
2530
706
3385
1157
2531
801
3388
1158
3386
707
2693
1159
3387
912
3408
708
2694
802
3389
709
2695
713
2696
710
3390
803
3409
711
3391
720
2532
804
3410
714
2697
805
3411
913
2700
806
2698
715
2533
807
2699
808
2544
716
2534
914
2701
717
2535
721
2536
718
2702
915
2545
719
2703
728
3412
916
2546
722
2537
917
2547
809
2540
918
2538
723
3413
919
2539
1032
2560
724
3414
810
2541
725
3415
729
3416
726
2542
811
2561
727
2543
736
2548
812
2562
730
3417
813
2563
1033
3420
814
3418
731
2549
815
3419
816
3424
732
2550
1034
3421
733
2551
737
2552
734
3422
1035
3425
735
3423
744
2564
1036
3426
738
2553
1037
3427
817
2556
1038
2554
739
2565
1039
2555
920
2704
740
2566
818
2557
741
2567
745
2568
742
2558
819
2705
743
2559
752
3428
820
2706
746
2569
821
2707
921
2572
822
2570
747
3429
823
2571
824
3440
748
3430
922
2573
749
3431
753
3432
750
2574
923
3441
751
2575
760
2708
924
3442
754
3433
925
3443
825
3436
926
3434
755
2709
927
3435
1280
4288
756
2710
826
3437
757
2711
761
2712
758
3438
827
4289
759
3439
832
3444
828
4290
762
2713
829
4291
1281
2716
830
2714
763
3445
831
2715
928
2720
764
3446
1282
2717
765
3447
833
3448
766
2718
1283
2721
767
2719
840
4292
1284
2722
834
3449
1285
2723
929
3452
1286
3450
835
4293
1287
3451
1040
2576
836
4294
930
3453
837
4295
841
4296
838
3454
931
2577
839
3455
848
2724
932
2578
842
4297
933
2579
1041
4300
934
4298
843
2725
935
4299
936
2736
844
2726
1042
4301
845
2727
849
2728
846
4302
1043
2737
847
4303
856
2580
1044
2738
850
2729
1045
2739
937
2732
1046
2730
851
2581
1047
2731
1160
2624
852
2582
938
2733
853
2583
857
2584
854
2734
939
2625
855
2735
864
2740
940
2626
858
2585
941
2627
1161
2588
942
2586
859
2741
943
2587
944
2592
860
2742
1162
2589
861
2743
865
2744
862
2590
1163
2593
863
2591
872
2628
1164
2594
866
2745
1165
2595
945
2748
1166
2746
867
2629
1167
2747
1048
4304
868
2630
946
2749
869
2631
873
2632
870
2750
947
4305
871
2751
880
2596
948
4306
874
2633
949
4307
1049
2636
950
2634
875
2597
951
2635
952
2608
876
2598
1050
2637
877
2599
881
2600
878
2638
1051
2609
879
2639
888
4308
1052
2610
882
2601
1053
2611
953
2604
1054
2602
883
4309
1055
2603
1408
3456
884
4310
954
2605
885
4311
889
4312
886
2606
955
3457
887
2607
960
2612
956
3458
890
4313
957
3459
1409
4316
958
4314
891
2613
959
4315
1056
4320
892
2614
1410
4317
893
2615
961
2616
894
4318
1411
4321
895
4319
968
3460
1412
4322
962
2617
1413
4323
1057
2620
1414
2618
963
3461
1415
2619
1168
2640
964
3462
1058
2621
965
3463
969
3464
966
2622
1059
2641
967
2623
976
4324
1060
2642
970
3465
1061
2643
1169
3468
1062
3466
971
4325
1063
3467
1064
4336
972
4326
1170
3469
973
4327
977
4328
974
3470
1171
4337
975
3471
984
2644
1172
4338
978
4329
1173
4339
1065
4332
1174
4330
979
2645
1175
4331
1288
4352
980
2646
1066
4333
981
2647
985
2648
982
4334
1067
4353
983
4335
992
4340
1068
4354
986
2649
1069
4355
1289
2652
1070
2650
987
4341
1071
2651
1072
2656
988
4342
1290
2653
989
4343
993
4344
990
2654
1291
2657
991
2655
1000
4356
1292
2658
994
4345
1293
2659
1073
4348
1294
4346
995
4357
1295
4347
1176
3472
996
4358
1074
4349
997
4359
1001
4360
998
4350
1075
3473
999
4351
1008
2660
1076
3474
1002
4361
1077
3475
1177
4364
1078
4362
1003
2661
1079
4363
1080
2672
1004
2662
1178
4365
1005
2663
1009
2664
1006
4366
1179
2673
1007
4367
1016
3476
1180
2674
1010
2665
1181
2675
1081
2668
1182
2666
1011
3477
1183
2667
1536
2752
1012
3478
1082
2669
1013
3479
1017
3480
1014
2670
1083
2753
1015
2671
1088
2676
1084
2754
1018
3481
1085
2755
1537
3484
1086
3482
1019
2677
1087
3483
1184
3488
1020
2678
1538
3485
1021
2679
1089
2680
1022
3486
1539
3489
1023
3487
1096
2756
1540
3490
1090
2681
1541
3491
1185
2684
1542
2682
1091
2757
1543
2683
1296
4368
1092
2758
1186
2685
1093
2759
1097
2760
1094
2686
1187
4369
1095
2687
1104
3492
1188
4370
1098
2761
1189
4371
1297
2764
1190
2762
1099
3493
1191
2763
1192
3504
1100
3494
1298
2765
1101
3495
1105
3496
1102
2766
1299
3505
1103
2767
1112
4372
1300
3506
1106
3497
1301
3507
1193
3500
1302
3498
1107
4373
1303
3499
1416
4416
1108
4374
1194
3501
1109
4375
1113
4376
1110
3502
1195
4417
1111
3503
1120
3508
1196
4418
1114
4377
1197
4419
1417
4380
1198
4378
1115
3509
1199
4379
1200
4384
1116
3510
1418
4381
1117
3511
1121
3512
1118
4382
1419
4385
1119
4383
1128
4420
1420
4386
1122
3513
1421
4387
1201
3516
1422
3514
1123
4421
1423
3515
1304
2768
1124
4422
1202
3517
1125
4423
1129
4424
1126
3518
1203
2769
1127
3519
1136
4388
1204
2770
1130
4425
1205
2771
1305
4428
1206
4426
1131
4389
1207
4427
1208
4400
1132
4390
1306
4429
1133
4391
1137
4392
1134
4430
1307
4401
1135
4431
1144
2772
1308
4402
1138
4393
1309
4403
1209
4396
1310
4394
1139
2773
1311
4395
1664
2944
1140
2774
1210
4397
1141
2775
1145
2776
1142
4398
1211
2945
1143
4399
1216
4404
1212
2946
1146
2777
1213
2947
1665
2780
1214
2778
1147
4405
1215
2779
1312
2784
1148
4406
1666
2781
1149
4407
1217
4408
1150
2782
1667
2785
1151
2783
1224
2948
1668
2786
1218
4409
1669
2787
1313
4412
1670
4410
1219
2949
1671
4411
1424
4432
1220
2950
1314
4413
1221
2951
1225
2952
1222
4414
1315
4433
1223
4415
1232
2788
1316
4434
1226
2953
1317
4435
1425
2956
1318
2954
1227
2789
1319
2955
1320
2800
1228
2790
1426
2957
1229
2791
1233
2792
1230
2958
1427
2801
1231
2959
1240
4436
1428
2802
1234
2793
1429
2803
1321
2796
1430
2794
1235
4437
1431
2795
1544
2816
1236
4438
1322
2797
1237
4439
1241
4440
1238
2798
1323
2817
1239
2799
1248
2804
1324
2818
1242
4441
1325
2819
1545
4444
1326
4442
1243
2805
1327
4443
1328
4448
1244
2806
1546
4445
1245
2807
1249
2808
1246
4446
1547
4449
1247
4447
1256
2820
1548
4450
1250
2809
1549
4451
1329
2812
1550
2810
1251
2821
1551
2811
1432
2960
1252
2822
1330
2813
1253
2823
1257
2824
1254
2814
1331
2961
1255
2815
1264
4452
1332
2962
1258
2825
1333
2963
1433
2828
1334
2826
1259
4453
1335
2827
1336
4464
1260
4454
1434
2829
1261
4455
1265
4456
1262
2830
1435
4465
1263
2831
1272
2964
1436
4466
1266
4457
1437
4467
1337
4460
1438
4458
1267
2965
1439
4459
1792
3520
1268
2966
1338
4461
1269
2967
1273
2968
1270
4462
1339
3521
1271
4463
1344
4468
1340
3522
1274
2969
1341
3523
1793
2972
1342
2970
1275
4469
1343
2971
1440
2976
1276
4470
1794
2973
1277
4471
1345
4472
1278
2974
1795
2977
1279
2975
1352
3524
1796
2978
1346
4473
1797
2979
1441
4476
1798
4474
1347
3525
1799
4475
1552
2832
1348
3526
1442
4477
1349
3527
1353
3528
1350
4478
1443
2833
1351
4479
1360
2980
1444
2834
1354
3529
1445
2835
1553
3532
1446
3530
1355
2981
1447
3531
1448
2992
1356
2982
1554
3533
1357
2983
1361
2984
1358
3534
1555
2993
1359
3535
1368
2836
1556
2994
1362
2985
1557
2995
1449
2988
1558
2986
1363
2837
1559
2987
1672
2880
1364
2838
1450
2989
1365
2839
1369
2840
1366
2990
1451
2881
1367
2991
1376
2996
1452
2882
1370
2841
1453
2883
1673
2844
1454
2842
1371
2997
1455
2843
1456
2848
1372
2998
1674
2845
1373
2999
1377
3000
1374
2846
1675
2849
1375
2847
1384
2884
1676
2850
1378
3001
1677
2851
1457
3004
1678
3002
1379
2885
1679
3003
1560
3536
1380
2886
1458
3005
1381
2887
1385
2888
1382
3006
1459
3537
1383
3007
1392
2852
1460
3538
1386
2889
1461
3539
1561
2892
1462
2890
1387
2853
1463
2891
1464
2864
1388
2854
1562
2893
1389
2855
1393
2856
1390
2894
1563
2865
1391
2895
1400
3540
1564
2866
1394
2857
1565
2867
1465
2860
1566
2858
1395
3541
1567
2859
1920
5248
1396
3542
1466
2861
1397
3543
1401
3544
1398
2862
1467
5249
1399
2863
1472
2868
1468
5250
1402
3545
1469
5251
1921
3548
1470
3546
1403
2869
1471
3547
1568
3552
1404
2870
1922
3549
1405
2871
1473
2872
1406
3550
1923
3553
1407
3551
1480
5252
1924
3554
1474
2873
1925
3555
1569
2876
1926
2874
1475
5253
1927
2875
1680
2896
1476
5254
1570
2877
1477
5255
1481
5256
1478
2878
1571
2897
1479
2879
1488
3556
1572
2898
1482
5257
1573
2899
1681
5260
1574
5258
1483
3557
1575
5259
1576
3568
1484
3558
1682
5261
1485
3559
1489
3560
1486
5262
1683
3569
1487
5263
1496
2900
1684
3570
1490
3561
1685
3571
1577
3564
1686
3562
1491
2901
1687
3563
1800
3584
1492
2902
1578
3565
1493
2903
1497
2904
1494
3566
1579
3585
1495
3567
1504
3572
1580
3586
1498
2905
1581
3587
1801
2908
1582
2906
1499
3573
1583
2907
1584
2912
1500
3574
1802
2909
1501
3575
1505
3576
1502
2910
1803
2913
1503
2911
1512
3588
1804
2914
1506
3577
1805
2915
1585
3580
1806
3578
1507
3589
1807
3579
1688
5264
1508
3590
1586
3581
1509
3591
1513
3592
1510
3582
1587
5265
1511
3583
1520
2916
1588
5266
1514
3593
1589
5267
1689
3596
1590
3594
1515
2917
1591
3595
1592
2928
1516
2918
1690
3597
1517
2919
1521
2920
1518
3598
1691
2929
1519
3599
1528
5268
1692
2930
1522
2921
1693
2931
1593
2924
1694
2922
1523
5269
1695
2923
2048
3008
1524
5270
1594
2925
1525
5271
1529
5272
1526
2926
1595
3009
1527
2927
1600
2932
1596
3010
1530
5273
1597
3011
2049
5276
1598
5274
1531
2933
1599
5275
1696
5280
1532
2934
2050
5277
1533
2935
1601
2936
1534
5278
2051
5281
1535
5279
1608
3012
2052
5282
1602
2937
2053
5283
1697
2940
2054
2938
1603
3013
2055
2939
1808
3600
1604
3014
1698
2941
1605
3015
1609
3016
1606
2942
1699
3601
1607
2943
1616
5284
1700
3602
1610
3017
1701
3603
1809
3020
1702
3018
1611
5285
1703
3019
1704
5296
1612
5286
1810
3021
1613
5287
1617
5288
1614
3022
1811
5297
1615
3023
1624
3604
1812
5298
1618
5289
1813
5299
1705
5292
1814
5290
1619
3605
1815
5291
1928
3648
1620
3606
1706
5293
1621
3607
1625
3608
1622
5294
1707
3649
1623
5295
1632
5300
1708
3650
1626
3609
1709
3651
1929
3612
1710
3610
1627
5301
1711
3611
1712
3616
1628
5302
1930
3613
1629
5303
1633
5304
1630
3614
1931
3617
1631
3615
1640
3652
1932
3618
1634
5305
1933
3619
1713
5308
1934
5306
1635
3653
1935
5307
1816
3024
1636
3654
1714
5309
1637
3655
1641
3656
1638
5310
1715
3025
1639
5311
1648
3620
1716
3026
1642
3657
1717
3027
1817
3660
1718
3658
1643
3621
1719
3659
1720
3632
1644
3622
1818
3661
1645
3623
1649
3624
1646
3662
1819
3633
1647
3663
1656
3028
1820
3634
1650
3625
1821
3635
1721
3628
1822
3626
1651
3029
1823
3627
2056
3712
1652
3030
1722
3629
1653
3031
1657
3032
1654
3630
1723
3713
1655
3631
1728
3636
1724
3714
1658
3033
1725
3715
2057
3036
1726
3034
1659
3637
1727
3035
1824
3040
1660
3638
2058
3037
1661
3639
1729
3640
1662
3038
2059
3041
1663
3039
1736
3716
2060
3042
1730
3641
2061
3043
1825
3644
2062
3642
1731
3717
2063
3643
1936
3664
1732
3718
1826
3645
1733
3719
1737
3720
1734
3646
1827
3665
1735
3647
1744
3044
1828
3666
1738
3721
1829
3667
1937
3724
1830
3722
1739
3045
1831
3723
1832
3056
1740
3046
1938
3725
1741
3047
1745
3048
1742
3726
1939
3057
1743
3727
1752
3668
1940
3058
1746
3049
1941
3059
1833
3052
1942
3050
1747
3669
1943
3051
2064
3072
1748
3670
1834
3053
1749
3671
1753
3672
1750
3054
1835
3073
1751
3055
1760
3060
1836
3074
1754
3673
1837
3075
2065
3676
1838
3674
1755
3061
1839
3675
1840
3680
1756
3062
2066
3677
1757
3063
1761
3064
1758
3678
2067
3681
1759
3679
1768
3076
2068
3682
1762
3065
2069
3683
1841
3068
2070
3066
1763
3077
2071
3067
1944
3728
1764
3078
1842
3069
1765
3079
1769
3080
1766
3070
1843
3729
1767
3071
1776
3684
1844
3730
1770
3081
1845
3731
1945
3084
1846
3082
1771
3685
1847
3083
1848
3696
1772
3686
1946
3085
1773
3687
1777
3688
1774
3086
1947
3697
1775
3087
1784
3732
1948
3698
1778
3689
1949
3699
1849
3692
1950
3690
1779
3733
1951
3691
2072
5312
1780
3734
1850
3693
1781
3735
1785
3736
1782
3694
1851
5313
1783
3695
1856
3700
1852
5314
1786
3737
1853
5315
2073
3740
1854
3738
1787
3701
1855
3739
1952
3744
1788
3702
2074
3741
1789
3703
1857
3704
1790
3742
2075
3745
1791
3743
1864
5316
2076
3746
1858
3705
2077
3747
1953
3708
2078
3706
1859
5317
2079
3707
2080
3088
1860
5318
1954
3709
1861
5319
1865
5320
1862
3710
1955
3089
1863
3711
1872
3748
1956
3090
1866
5321
1957
3091
2081
5324
1958
5322
1867
3749
1959
5323
1960
3760
1868
3750
2082
5325
1869
3751
1873
3752
1870
5326
2083
3761
1871
5327
1880
3092
2084
3762
1874
3753
2085
3763
1961
3756
2086
3754
1875
3093
2087
3755
2088
3136
1876
3094
1962
3757
1877
3095
1881
3096
1878
3758
1963
3137
1879
3759
1888
3764
1964
3138
1882
3097
1965
3139
2089
3100
1966
3098
1883
3765
1967
3099
1968
3104
1884
3766
2090
3101
1885
3767
1889
3768
1886
3102
2091
3105
1887
3103
1896
3140
2092
3106
1890
3769
2093
3107
1969
3772
2094
3770
1891
3141
2095
3771
2096
5328
1892
3142
1970
3773
1893
3143
1897
3144
1894
3774
1971
5329
1895
3775
1904
3108
1972
5330
1898
3145
1973
5331
2097
3148
1974
3146
1899
3109
1975
3147
1976
3120
1900
3110
2098
3149
1901
3111
1905
3112
1902
3150
2099
3121
1903
3151
1912
5332
2100
3122
1906
3113
2101
3123
1977
3116
2102
3114
1907
5333
2103
3115
2104
4480
1908
5334
1978
3117
1909
5335
1913
5336
1910
3118
1979
4481
1911
3119
1984
3124
1980
4482
1914
5337
1981
4483
2105
5340
1982
5338
1915
3125
1983
5339
2112
5344
1916
3126
2106
5341
1917
3127
1985
3128
1918
5342
2107
5345
1919
5343
1992
4484
2108
5346
1986
3129
2109
5347
2113
3132
2110
3130
1987
4485
2111
3131
2120
3152
1988
4486
2114
3133
1989
4487
1993
4488
1990
3134
2115
3153
1991
3135
2000
5348
2116
3154
1994
4489
2117
3155
2121
4492
2118
4490
1995
5349
2119
4491
2128
5360
1996
5350
2122
4493
1997
5351
2001
5352
1998
4494
2123
5361
1999
4495
2008
3156
2124
5362
2002
5353
2125
5363
2129
5356
2126
5354
2003
3157
2127
5355
2136
5376
2004
3158
2130
5357
2005
3159
2009
3160
2006
5358
2131
5377
2007
5359
2016
5364
2132
5378
2010
3161
2133
5379
2137
3164
2134
3162
2011
5365
2135
3163
2144
3168
2012
5366
2138
3165
2013
5367
2017
5368
2014
3166
2139
3169
2015
3167
2024
5380
2140
3170
2018
5369
2141
3171
2145
5372
2142
5370
2019
5381
2143
5371
2152
4496
2020
5382
2146
5373
2021
5383
2025
5384
2022
5374
2147
4497
2023
5375
2032
3172
2148
4498
2026
5385
2149
4499
2153
5388
2150
5386
2027
3173
2151
5387
2160
3184
2028
3174
2154
5389
2029
3175
2033
3176
2030
5390
2155
3185
2031
5391
2040
4500
2156
3186
2034
3177
2157
3187
2161
3180
2158
3178
2035
4501
2159
3179
2168
3776
2036
4502
2162
3181
2037
4503
2041
4504
2038
3182
2163
3777
2039
3183
2169
3188
2164
3778
2042
4505
2165
3779
2170
4508
2166
4506
2043
3189
2167
4507
2171
4512
2044
3190
2172
4509
2045
3191
2173
3192
2046
4510
2174
4513
2047
4511
2175
3780
4514
3193
4515
3196
3194
3781
3195
5392
3782
3197
3783
3784
3198
5393
3199
4516
5394
3785
5395
3788
3786
4517
3787
4528
4518
3789
4519
4520
3790
4529
3791
5396
4530
4521
4531
4524
4522
5397
4523
5440
5398
4525
5399
5400
4526
5441
4527
4532
5442
5401
5443
5404
5402
4533
5403
5408
4534
5405
4535
4536
5406
5409
5407
5444
5410
4537
5411
4540
4538
5445
4539
3792
5446
4541
5447
5448
4542
3793
4543
5412
3794
5449
3795
5452
5450
5413
5451
5424
5414
5453
5415
5416
5454
5425
5455
3796
5426
5417
5427
5420
5418
3797
5419
3968
3798
5421
3799
3800
5422
3969
5423
5428
3970
3801
3971
3804
3802
5429
3803
3808
5430
3805
5431
5432
3806
3809
3807
3972
3810
5433
3811
5436
5434
3973
5435
5456
3974
5437
3975
3976
5438
5457
5439
3812
5458
3977
5459
3980
3978
3813
3979
3824
3814
3981
3815
3816
3982
3825
3983
5460
3826
3817
3827
3820
3818
5461
3819
3840
5462
3821
5463
5464
3822
3841
3823
3828
3842
5465
3843
5468
5466
3829
5467
5472
3830
5469
3831
3832
5470
5473
5471
3844
5474
3833
5475
3836
3834
3845
3835
3984
3846
3837
3847
3848
3838
3985
3839
5476
3986
3849
3987
3852
3850
5477
3851
5488
5478
3853
5479
5480
3854
5489
3855
3988
5490
5481
5491
5484
5482
3989
5483
4544
3990
5485
3991
3992
5486
4545
5487
5492
4546
3993
4547
3996
3994
5493
3995
4000
5494
3997
5495
5496
3998
4001
3999
4548
4002
5497
4003
5500
5498
4549
5499
3856
4550
5501
4551
4552
5502
3857
5503
4004
3858
4553
3859
4556
4554
4005
4555
4016
4006
4557
4007
4008
4558
4017
4559
3860
4018
4009
4019
4012
4010
3861
4011
3904
3862
4013
3863
3864
4014
3905
4015
4020
3906
3865
3907
3868
3866
4021
3867
3872
4022
3869
4023
4024
3870
3873
3871
3908
3874
4025
3875
4028
4026
3909
4027
4560
3910
4029
3911
3912
4030
4561
4031
3876
4562
3913
4563
3916
3914
3877
3915
3888
3878
3917
3879
3880
3918
3889
3919
4564
3890
3881
3891
3884
3882
4565
3883
5504
4566
3885
4567
4568
3886
5505
3887
3892
5506
4569
5507
4572
4570
3893
4571
4576
3894
4573
3895
3896
4574
4577
4575
5508
4578
3897
4579
3900
3898
5509
3899
3920
5510
3901
5511
5512
3902
3921
3903
4580
3922
5513
3923
5516
5514
4581
5515
4592
4582
5517
4583
4584
5518
4593
5519
3924
4594
4585
4595
4588
4586
3925
4587
4608
3926
4589
3927
3928
4590
4609
4591
4596
4610
3929
4611
3932
3930
4597
3931
3936
4598
3933
4599
4600
3934
3937
3935
4612
3938
4601
3939
4604
4602
4613
4603
5520
4614
4605
4615
4616
4606
5521
4607
3940
5522
4617
5523
4620
4618
3941
4619
3952
3942
4621
3943
3944
4622
3953
4623
5524
3954
3945
3955
3948
3946
5525
3947
4032
5526
3949
5527
5528
3950
4033
3951
3956
4034
5529
4035
5532
5530
3957
5531
5536
3958
5533
3959
3960
5534
5537
5535
4036
5538
3961
5539
3964
3962
4037
3963
4624
4038
3965
4039
4040
3966
4625
3967
5540
4626
4041
4627
4044
4042
5541
4043
5552
5542
4045
5543
5544
4046
5553
4047
4628
5554
5545
5555
5548
5546
4629
5547
4672
4630
5549
4631
4632
5550
4673
5551
5556
4674
4633
4675
4636
4634
5557
4635
4640
5558
4637
5559
5560
4638
4641
4639
4676
4642
5561
4643
5564
5562
4677
5563
4048
4678
5565
4679
4680
5566
4049
5567
4644
4050
4681
4051
4684
4682
4645
4683
4656
4646
4685
4647
4648
4686
4657
4687
4052
4658
4649
4659
4652
4650
4053
4651
4736
4054
4653
4055
4056
4654
4737
4655
4660
4738
4057
4739
4060
4058
4661
4059
4064
4662
4061
4663
4664
4062
4065
4063
4740
4066
4665
4067
4668
4666
4741
4667
4688
4742
4669
4743
4744
4670
4689
4671
4068
4690
4745
4691
4748
4746
4069
4747
4080
4070
4749
4071
4072
4750
4081
4751
4692
4082
4073
4083
4076
4074
4693
4075
4096
4694
4077
4695
4696
4078
4097
4079
4084
4098
4697
4099
4700
4698
4085
4699
4704
4086
4701
4087
4088
4702
4705
4703
4100
4706
4089
4707
4092
4090
4101
4091
4752
4102
4093
4103
4104
4094
4753
4095
4708
4754
4105
4755
4108
4106
4709
4107
4720
4710
4109
4711
4712
4110
4721
4111
4756
4722
4713
4723
4716
4714
4757
4715
5568
4758
4717
4759
4760
4718
5569
4719
4724
5570
4761
5571
4764
4762
4725
4763
4768
4726
4765
4727
4728
4766
4769
4767
5572
4770
4729
4771
4732
4730
5573
4731
4112
5574
4733
5575
5576
4734
4113
4735
4772
4114
5577
4115
5580
5578
4773
5579
4784
4774
5581
4775
4776
5582
4785
5583
4116
4786
4777
4787
4780
4778
4117
4779
4160
4118
4781
4119
4120
4782
4161
4783
4788
4162
4121
4163
4124
4122
4789
4123
4128
4790
4125
4791
4792
4126
4129
4127
4164
4130
4793
4131
4796
4794
4165
4795
5584
4166
4797
4167
4168
4798
5585
4799
4132
5586
4169
5587
4172
4170
4133
4171
4144
4134
4173
4135
4136
4174
4145
4175
5588
4146
4137
4147
4140
4138
5589
4139
5760
5590
4141
5591
5592
4142
5761
4143
4148
5762
5593
5763
5596
5594
4149
5595
5600
4150
5597
4151
4152
5598
5601
5599
5764
5602
4153
5603
4156
4154
5765
4155
4176
5766
4157
5767
5768
4158
4177
4159
5604
4178
5769
4179
5772
5770
5605
5771
5616
5606
5773
5607
5608
5774
5617
5775
4180
5618
5609
5619
5612
5610
4181
5611
5632
4182
5613
4183
4184
5614
5633
5615
5620
5634
4185
5635
4188
4186
5621
4187
4192
5622
4189
5623
5624
4190
4193
4191
5636
4194
5625
4195
5628
5626
5637
5627
5776
5638
5629
5639
5640
5630
5777
5631
4196
5778
5641
5779
5644
5642
4197
5643
4208
4198
5645
4199
4200
5646
4209
5647
5780
4210
4201
4211
4204
4202
5781
4203
4800
5782
4205
5783
5784
4206
4801
4207
4212
4802
5785
4803
5788
5786
4213
5787
5792
4214
5789
4215
4216
5790
5793
5791
4804
5794
4217
5795
4220
4218
4805
4219
5648
4806
4221
4807
4808
4222
5649
4223
5796
5650
4809
5651
4812
4810
5797
4811
5808
5798
4813
5799
5800
4814
5809
4815
5652
5810
5801
5811
5804
5802
5653
5803
5696
5654
5805
5655
5656
5806
5697
5807
5812
5698
5657
5699
5660
5658
5813
5659
5664
5814
5661
5815
5816
5662
5665
5663
5700
5666
5817
5667
5820
5818
5701
5819
4816
5702
5821
5703
5704
5822
4817
5823
5668
4818
5705
4819
5708
5706
5669
5707
5680
5670
5709
5671
5672
5710
5681
5711
4820
5682
5673
5683
5676
5674
4821
5675
4992
4822
5677
4823
4824
5678
4993
5679
5684
4994
4825
4995
4828
4826
5685
4827
4832
5686
4829
5687
5688
4830
4833
4831
4996
4834
5689
4835
5692
5690
4997
5691
5712
4998
5693
4999
5000
5694
5713
5695
4836
5714
5001
5715
5004
5002
4837
5003
4848
4838
5005
4839
4840
5006
4849
5007
5716
4850
4841
4851
4844
4842
5717
4843
4864
5718
4845
5719
5720
4846
4865
4847
4852
4866
5721
4867
5724
5722
4853
5723
5728
4854
5725
4855
4856
5726
5729
5727
4868
5730
4857
5731
4860
4858
4869
4859
5008
4870
4861
4871
4872
4862
5009
4863
5732
5010
4873
5011
4876
4874
5733
4875
5744
5734
4877
5735
5736
4878
5745
4879
5012
5746
5737
5747
5740
5738
5013
5739
5824
5014
5741
5015
5016
5742
5825
5743
5748
5826
5017
5827
5020
5018
5749
5019
5024
5750
5021
5751
5752
5022
5025
5023
5828
5026
5753
5027
5756
5754
5829
5755
4880
5830
5757
5831
5832
5758
4881
5759
5028
4882
5833
4883
5836
5834
5029
5835
5040
5030
5837
5031
5032
5838
5041
5839
4884
5042
5033
5043
5036
5034
4885
5035
4928
4886
5037
4887
4888
5038
4929
5039
5044
4930
4889
4931
4892
4890
5045
4891
4896
5046
4893
5047
5048
4894
4897
4895
4932
4898
5049
4899
5052
5050
4933
5051
5840
4934
5053
4935
4936
5054
5841
5055
4900
5842
4937
5843
4940
4938
4901
4939
4912
4902
4941
4903
4904
4942
4913
4943
5844
4914
4905
4915
4908
4906
5845
4907
6016
5846
4909
5847
5848
4910
6017
4911
4916
6018
5849
6019
5852
5850
4917
5851
5856
4918
5853
4919
4920
5854
5857
5855
6020
5858
4921
5859
4924
4922
6021
4923
4944
6022
4925
6023
6024
4926
4945
4927
5860
4946
6025
4947
6028
6026
5861
6027
5872
5862
6029
5863
5864
6030
5873
6031
4948
5874
5865
5875
5868
5866
4949
5867
5888
4950
5869
4951
4952
5870
5889
5871
5876
5890
4953
5891
4956
4954
5877
4955
4960
5878
4957
5879
5880
4958
4961
4959
5892
4962
5881
4963
5884
5882
5893
5883
6032
5894
5885
5895
5896
5886
6033
5887
4964
6034
5897
6035
5900
5898
4965
5899
4976
4966
5901
4967
4968
5902
4977
5903
6036
4978
4969
4979
4972
4970
6037
4971
5056
6038
4973
6039
6040
4974
5057
4975
4980
5058
6041
5059
6044
6042
4981
6043
6048
4982
6045
4983
4984
6046
6049
6047
5060
6050
4985
6051
4988
4986
5061
4987
5904
5062
4989
5063
5064
4990
5905
4991
6052
5906
5065
5907
5068
5066
6053
5067
6064
6054
5069
6055
6056
5070
6065
5071
5908
6066
6057
6067
6060
6058
5909
6059
5952
5910
6061
5911
5912
6062
5953
6063
6068
5954
5913
5955
5916
5914
6069
5915
5920
6070
5917
6071
6072
5918
5921
5919
5956
5922
6073
5923
6076
6074
5957
6075
5072
5958
6077
5959
5960
6078
5073
6079
5924
5074
5961
5075
5964
5962
5925
5963
5936
5926
5965
5927
5928
5966
5937
5967
5076
5938
5929
5939
5932
5930
5077
5931
6080
5078
5933
5079
5080
5934
6081
5935
5940
6082
5081
6083
5084
5082
5941
5083
5088
5942
5085
5943
5944
5086
5089
5087
6084
5090
5945
5091
5948
5946
6085
5947
5968
6086
5949
6087
6088
5950
5969
5951
5092
5970
6089
5971
6092
6090
5093
6091
5104
5094
6093
5095
5096
6094
5105
6095
5972
5106
5097
5107
5100
5098
5973
5099
5120
5974
5101
5975
5976
5102
5121
5103
5108
5122
5977
5123
5980
5978
5109
5979
5984
5110
5981
5111
5112
5982
5985
5983
5124
5986
5113
5987
5116
5114
5125
5115
6096
5126
5117
5127
5128
5118
6097
5119
5988
6098
5129
6099
5132
5130
5989
5131
6000
5990
5133
5991
5992
5134
6001
5135
6100
6002
5993
6003
5996
5994
6101
5995
6144
6102
5997
6103
6104
5998
6145
5999
6004
6146
6105
6147
6108
6106
6005
6107
6112
6006
6109
6007
6008
6110
6113
6111
6148
6114
6009
6115
6012
6010
6149
6011
5136
6150
6013
6151
6152
6014
5137
6015
6116
5138
6153
5139
6156
6154
6117
6155
6128
6118
6157
6119
6120
6158
6129
6159
5140
6130
6121
6131
6124
6122
5141
6123
5184
5142
6125
5143
5144
6126
5185
6127
6132
5186
5145
5187
5148
5146
6133
5147
5152
6134
5149
6135
6136
5150
5153
5151
5188
5154
6137
5155
6140
6138
5189
6139
6160
5190
6141
5191
5192
6142
6161
6143
5156
6162
5193
6163
5196
5194
5157
5195
5168
5158
5197
5159
5160
5198
5169
5199
6164
5170
5161
5171
5164
5162
6165
5163
6208
6166
5165
6167
6168
5166
6209
5167
5172
6210
6169
6211
6172
6170
5173
6171
6176
5174
6173
5175
5176
6174
6177
6175
6212
6178
5177
6179
5180
5178
6213
5179
5200
6214
5181
6215
6216
5182
5201
5183
6180
5202
6217
5203
6220
6218
6181
6219
6192
6182
6221
6183
6184
6222
6193
6223
5204
6194
6185
6195
6188
6186
5205
6187
6224
5206
6189
5207
5208
6190
6225
6191
6196
6226
5209
6227
5212
5210
6197
5211
5216
6198
5213
6199
6200
5214
5217
5215
6228
5218
6201
5219
6204
6202
6229
6203
6240
6230
6205
6231
6232
6206
6241
6207
5220
6242
6233
6243
6236
6234
5221
6235
5232
5222
6237
5223
5224
6238
5233
6239
6244
5234
5225
5235
5228
5226
6245
5227
6256
6246
5229
6247
6248
5230
6257
5231
5236
6258
6249
6259
6252
6250
5237
6251
6260
5238
6253
5239
5240
6254
6261
6255
6264
6262
5241
6263
5244
5242
6265
5243
6268
6266
5245
6267
6269
5246
6270
5247
6271
