0
1
29
47
48
65
71
76
110
152
186
187
251
267
275
302
334
336
344
355
411
415
426
458
491
500
518
541
544
550
560
563
619
639
644
674
682
711
724
732
738
763
767
776
779
787
811
813
840
847
853
860
890
912
948
956
976
988
1003
1007
1017
1020
1049
1115
1132
1146
1169
1178
1187
1223
1225
1226
1230
1298
1299
1300
1327
1328
1358
1361
1371
1437
1445
1497
1524
1564
1577
1635
1678
1708
1736
1740
1793
1848
1886
1902
1916
1928
1968
1970
1973
1977
1979
1983
2004
2044
2049
2052
2062
2083
2146
2156
2202
2205
2211
2241
2260
2262
2297
2298
2301
2302
2328
2334
2359
2369
2378
2390
2394
2418
2422
2430
2447
2453
2501
2506
2509
2541
2572
2575
2600
2617
2656
2689
2714
2725
2736
2737
2745
2776
2801
2869
2940
2956
2965
2974
2978
2989
3017
3019
3026
3033
3118
3126
3142
3151
3162
3163
3189
3220
3231
3242
3253
3258
3259
3303
3321
3366
3399
3404
3423
3448
3482
3488
3520
3522
3531
3570
3587
3599
3646
3693
3712
3731
3737
3768
3778
3809
3828
3836
3842
3866
3905
3929
3948
3954
3974
3993
4002
4011
4019
4038
4066
4112
4160
4170
4185
4195
4201
4215
4229
4238
4243
4247
4264
4268
4306
4314
4353
4408
4422
4423
4453
4492
4493
4504
4514
4557
4559
4566
4567
4590
4595
4598
4616
4629
4661
4671
4722
4727
4732
4743
4779
4781
4793
4797
4853
4856
4872
4876
4887
4948
4949
4970
4973
4981
4983
4995
5005
5022
5026
5049
5054
5066
5074
5109
5129
5161
5168
5169
5170
5184
5186
5239
5256
5301
5306
5317
5332
5339
5358
5365
5376
5385
5436
5441
5458
5580
5588
5636
5653
5670
5680
5701
5712
5715
5717
5738
5755
5783
5812
5839
5860
5895
5910
5917
5935
5972
5992
6018
6021
6050
6151
6164
6207
6213
6224
6243
6256
6263
6289
6297
6341
6343
6348
6353
6356
6382
6385
6389
6396
6411
6420
6428
6434
6450
6517
6537
6541
6581
6607
6721
6740
6766
6770
6775
6787
6798
6834
6855
6856
6865
6868
6879
6883
6908
6931
6950
6953
6965
6978
6987
6996
7020
7040
7101
7119
7154
7164
7171
7172
7193
7247
7288
7294
7297
7301
7313
7328
7339
7405
7406
7407
7412
7413
7434
7450
7468
7501
7540
7543
7578
7590
7600
7611
7643
7645
7664
7690
7703
7715
7722
7729
7730
7765
7833
7866
7893
7900
7910
7926
7948
7953
7956
7959
7961
7977
7995
8000
8005
8060
8076
8086
8090
8102
8129
8156
8160
8172
8179
8190
8215
8232
8233
8245
8254
8284
8295
8305
8335
8360
8362
8365
8407
8426
8477
8489
8505
8512
8527
8532
8548
8550
8561
8567
8583
8595
8597
8637
8647
8704
8733
8751
8760
8764
8806
8863
8888
8898
8905
8907
8979
8983
9004
9029
9053
9076
9106
9174
9232
9235
9266
9316
9320
9327
9341
9357
9368
9372
9410
9416
9431
9435
9461
9484
9515
9529
9549
9559
9566
9575
9581
9601
9620
9624
9629
9639
9655
9709
9718
9723
9733
9735
9751
9758
9762
9807
9842
9899
9907
9911
9924
9949
9968
9984
9987
9999
10073
10087
10101
10106
10142
10143
10148
10153
10189
10198
10214
10266
10267
10268
10277
10307
10332
10335
10342
10385
10424
10433
10482
10499
10518
10600
10623
10637
10683
10698
10705
10734
10739
10750
10754
10760
10770
10789
10807
10813
10826
10836
10838
10862
10875
10917
10922
10934
10943
10948
10954
10972
10978
11013
11018
11034
11076
11180
11222
11233
11249
11281
11289
11338
11339
11380
11397
11400
11407
11439
11442
11471
11492
11508
11516
11528
11530
11558
11569
11583
11624
11647
11670
11716
11733
11739
11779
11786
11801
11803
11823
11825
11841
11855
11860
11894
11940
11941
11976
12015
12022
12042
12064
12065
12073
12074
12076
12096
12118
12135
12161
12177
12192
12213
12252
12264
12266
12314
12326
12334
12336
12345
12372
12388
12419
12420
12440
12470
12491
12506
12563
12566
12596
12635
12658
12679
12684
12732
12748
12754
12768
12774
12778
12782
12791
12818
12849
12850
12878
12889
12896
12899
12911
12924
12943
12974
12996
13015
13042
13055
13069
13083
13117
13167
13203
13204
13213
13230
13295
13323
13359
13374
13389
13426
13436
13439
13458
13494
13537
13539
13588
13589
13598
13610
13642
13659
13669
13686
13731
13755
13768
13770
13778
13803
13813
13844
13860
13888
13892
13937
13942
13973
14015
14033
14042
14044
14118
14130
14144
14177
14195
14200
14221
14254
14260
14290
14350
14420
14470
14505
14516
14534
14551
14556
14611
14617
14636
14675
14688
14710
14748
14757
14760
14775
14776
14804
14805
14878
14897
14924
14931
14950
14972
14992
15017
15022
15056
15057
15073
15075
15077
15099
15101
15113
15135
15139
15168
15172
15200
15217
15267
15269
15272
15276
15301
15336
15362
15368
15373
15448
15453
15470
15485
15504
15512
15516
15607
15614
15654
15661
15689
15699
15715
15730
15738
15748
15753
15758
15819
15829
15841
15843
15862
15892
15895
15924
15939
15972
15987
15994
16066
16068
16074
16110
16138
16151
16161
16205
16232
16234
16253
16287
16293
16321
16414
16418
16455
16474
16481
16493
16495
16497
16502
16511
16516
16527
16560
16584
16595
16604
16613
16634
16669
16670
16707
16773
16835
16856
16857
16859
16918
16929
16938
16941
16967
16992
16996
17008
17015
17028
17029
17057
17075
17087
17089
17108
17109
17115
17168
17172
17213
17216
17220
17249
17260
17293
17310
17318
17328
17330
17431
17450
17486
17497
17506
17526
17558
17605
17621
17635
17653
17657
17669
17700
17713
17780
17790
17855
17927
17953
18015
18052
18054
18077
18093
18107
18117
18128
18158
18165
18207
18211
18224
18233
18235
18282
18288
18377
18378
18383
18396
18414
18473
18474
18492
18500
18510
18515
18538
18582
18583
18587
18619
18642
18665
18722
18743
18758
18818
18826
18839
18842
18847
18848
18854
18867
18912
18934
18938
18962
18985
19001
19020
19032
19044
19055
19056
19070
19086
19124
19147
19197
19237
19248
19256
19260
19268
19274
19304
19306
19327
19431
19438
19447
19468
19490
19503
19509
19520
19543
19554
19559
19561
19563
19579
19613
19648
19668
19690
19696
19712
19723
19734
19771
19804
19815
19830
19855
19856
19874
19926
19963
19988
19994
20003
20013
20014
20021
20057
20060
20077
20098
20150
20164
20172
20190
20207
20212
20231
20232
20240
20245
20247
20256
20257
20259
20284
20288
20291
20322
20349
20367
20369
20410
20411
20413
20419
20442
20464
20471
20482
20495
20502
20505
20507
20565
20610
20612
20633
20673
20699
20711
20716
20724
20730
20739
20747
20752
20771
20780
20823
20824
20826
20906
20931
21012
21051
21093
21103
21111
21126
21132
21153
21164
21193
21196
21216
21221
21283
21302
21308
21353
21357
21360
21379
21399
21425
21431
21435
21465
21489
21503
21509
21511
21512
21516
21522
21538
21587
21588
21594
21660
21683
21693
21727
21797
21798
21804
21814
21826
21870
21914
21929
22021
22039
22044
22078
22146
22165
22171
22198
22304
22306
22321
22343
22357
22379
22404
22422
22437
22438
22450
22452
22457
22501
22512
22558
22574
22575
22577
22589
22710
22718
22763
22801
22823
22881
22907
22920
23003
23026
23045
23055
23089
23150
23169
23179
23200
23291
23340
23351
23352
23358
23382
23451
23457
23458
23472
23481
23516
23521
23535
23548
23559
23574
23639
23651
23664
23679
23681
23698
23734
23775
23781
23794
23802
23804
23818
23824
23837
23840
23845
23871
23876
23880
23892
23989
24022
24054
24078
24101
24106
24111
24121
24143
24144
24158
24212
24215
24229
24279
24297
24304
24308
24312
24332
24347
24364
24366
24389
24403
24413
24443
24475
24519
24543
24555
24586
24595
24641
24652
24687
24721
24731
24747
24798
24825
24827
24845
24847
24867
24896
24899
24921
24936
24945
24966
24975
24981
24983
24993
25032
25051
25100
25106
25119
25146
25151
25203
25206
25220
25230
25238
25242
25270
25294
25311
25336
25366
25368
25381
25394
25402
25411
25424
25449
25470
25490
25560
25578
25606
25632
25694
25731
25748
25749
25796
25798
25827
25841
25850
25870
25904
25934
25941
25944
25947
25969
25985
26029
26121
26127
26149
26161
26168
26187
26189
26205
26220
26221
26258
26275
26292
26295
26302
26303
26315
26349
26351
26416
26442
26465
26466
26507
26509
26525
26537
26583
26625
26628
26652
26654
26668
26674
26677
26678
26687
26691
26715
26725
26743
26787
26797
26820
26833
26868
26885
26906
26935
26945
26954
26984
26999
27005
27012
27016
27050
27055
27058
27065
27069
27113
27127
27128
27135
27169
27190
27214
27249
27261
27280
27282
27314
27332
27364
27391
27407
27413
27419
27431
27450
27476
27506
27530
27533
27568
27585
27599
27649
27668
27691
27700
27710
27737
27740
27764
27816
27827
27831
27839
27847
27850
27917
27953
27964
28006
28038
28054
28127
28128
28144
28148
28170
28185
28209
28274
28295
28310
28326
28345
28397
28427
28465
28503
28504
28526
28527
28556
28564
28575
28608
28609
28612
28620
28697
28700
28717
28719
28729
28790
28791
28806
28814
28836
28845
28863
28871
28901
28906
28911
28954
28966
29017
29035
29066
29073
29077
29081
29153
29178
29184
29213
29233
29243
29283
29298
29303
29308
29375
29386
29420
29428
29465
29477
29480
29492
29519
29525
29541
29571
29584
29660
29769
29780
29820
29848
29863
29934
29947
29992
30009
30063
30073
30090
30118
30121
30146
30148
30188
30214
30264
30270
30303
30304
30349
30363
30371
30399
30409
30426
30434
30438
30443
30455
30463
30488
30524
30526
30539
30569
30579
30582
30617
30708
30712
30814
30845
30877
30893
30894
30928
30953
30974
30984
30988
30991
31032
31056
31078
31102
31136
31156
31210
31211
31221
31229
31233
31246
31248
31260
31261
31275
31280
31304
31309
31347
31350
31352
31398
31419
31422
31458
31490
31492
31506
31534
31556
31564
31621
31646
31660
31684
31697
31725
31726
31756
31757
31767
31769
31776
31778
31779
31817
31819
31834
31838
31877
31889
31908
31936
31980
32011
32051
32052
32068
32085
32090
32092
32112
32253
32257
32265
32303
32310
32331
32344
32369
32385
32394
32434
32443
32449
32552
32553
32614
32625
32635
32657
32679
32702
32717
32762
32778
32784
32791
32806
32828
32840
32845
32855
32873
32922
32937
32961
33013
33029
33030
33033
33053
33076
33078
33118
33133
33134
33161
33197
33230
33280
33293
33295
33323
33334
33339
33342
33348
33394
33424
33441
33450
33456
33463
33468
33472
33506
33536
33567
33581
33598
33627
33664
33713
33729
33771
33780
33785
33805
33814
33821
33856
33861
33912
33930
33931
33945
33950
34021
34029
34066
34074
34081
34090
34093
34119
34137
34141
34144
34163
34167
34181
34204
34207
34208
34218
34227
34256
34306
34355
34356
34405
34423
34453
34454
34472
34483
34491
34518
34524
34585
34607
34624
34642
34670
34699
34712
34715
34734
34748
34749
34755
34772
34788
34807
34813
34874
34881
34921
34942
34951
34973
34978
35006
35050
35056
35060
35080
35099
35136
35154
35174
35260
35292
35294
35337
35351
35383
35402
35458
35508
35559
35582
35606
35615
35617
35642
35644
35669
35685
35689
35716
35752
35780
35796
35801
35814
35828
35835
35842
35850
35870
35872
35873
35884
35899
35958
35977
35984
36033
36045
36057
36075
36093
36112
36116
36119
36135
36152
36157
36163
36167
36183
36192
36213
36240
36299
36304
36314
36349
36356
36408
36476
36506
36512
36514
36549
36590
36608
36620
36635
36646
36651
36670
36675
36706
36759
36761
36800
36803
36817
36822
36826
36846
36862
36884
36899
36905
36908
36913
36945
36980
36986
37062
37067
37100
37104
37121
37139
37147
37269
37275
37288
37306
37315
37322
37392
37395
37446
37450
37455
37466
37503
37506
37523
37526
37532
37557
37560
37590
37596
37623
37631
37640
37657
37658
37661
37696
37699
37768
37802
37821
37824
37825
37850
37859
37899
37910
37950
37952
37959
37983
38012
38017
38028
38031
38032
38049
38080
38090
38108
38151
38165
38177
38219
38265
38283
38310
38316
38322
38323
38334
38354
38355
38370
38377
38406
38423
38425
38439
38444
38497
38513
38533
38541
38620
38648
38673
38698
38701
38704
38713
38746
38755
38773
38816
38819
38824
38827
38863
38868
38909
38941
38946
38999
39004
39076
39098
39103
39131
39156
39166
39209
39227
39228
39231
39233
39238
39259
39283
39296
39325
39417
39422
39512
39534
39580
39588
39617
39619
39661
39671
39691
39738
39773
39779
39799
39804
39847
39862
39882
39906
39910
39927
39946
39952
39953
39967
39986
40007
40010
40041
40045
40071
40073
40085
40107
40125
40143
40150
40152
40159
40185
40214
40240
40263
40276
40332
40336
40337
40340
40360
40363
40370
40404
40409
40427
40436
40450
40525
40561
40564
40566
40567
