0
1
336
357
385
448
466
517
535
548
603
604
767
801
926
1029
1057
1116
1151
1203
1224
1261
1325
1398
1506
1588
1625
1668
1694
1800
1812
1897
1901
1933
2019
2085
2100
2127
2201
2373
2396
2433
2467
2501
2540
2593
2704
2793
2875
2944
2955
3025
3051
3094
3260
3266
3319
3417
3457
3602
3626
3703
3921
3928
3929
4000
4044
4141
4254
4258
4329
4350
4383
4423
4534
4674
4736
4742
4771
4818
4868
4917
4925
4976
5019
5157
5220
5261
5270
5292
5335
5680
5681
5694
5703
5746
5767
5809
5919
6084
6222
6240
6299
6308
6343
6361
6403
6405
6460
6478
6567
6672
6807
6818
6833
6976
6990
7023
7272
7297
7354
7388
7450
7454
7502
7518
7635
7648
7681
7749
7768
7876
7920
7963
8038
8048
8054
8174
8251
8284
8325
8587
8707
8739
8754
8775
8824
8946
8968
8981
9210
9265
9370
9387
9401
9422
9511
9569
9670
9793
9799
9896
9942
10085
10172
10173
10356
10387
10415
10481
10603
10709
10745
10789
10795
10861
10885
10921
10939
11054
11103
11201
11226
11264
11278
11354
11411
11501
11679
11795
11829
11854
12029
12071
12254
12277
12305
12359
12555
12609
12695
12804
12828
12840
12896
13016
13201
13361
13537
13646
13689
13928
14052
14077
14229
14235
14237
14281
14311
14525
14549
14564
14656
14752
14913
14964
14983
15028
15133
15188
15237
15289
15365
15389
15430
15473
15604
15622
15626
15684
15720
15840
15879
15880
15956
16028
16133
16138
16241
16400
16436
16507
16580
16590
16653
16826
16855
16865
17079
17106
17173
17181
17205
17215
17235
17344
17346
17405
17420
17484
17525
17568
17603
17735
17737
17945
18051
18084
18155
18196
18222
18339
18393
18411
18421
18566
18567
18624
18651
18709
18800
18894
18915
18957
18986
19069
19095
19119
19126
19163
19199
19258
19354
19519
19558
19566
19597
19646
19711
19719
19813
19871
19971
20072
20075
20077
20117
20208
20277
20287
20315
20427
20558
20739
20748
20786
21090
21112
21127
21181
21285
21297
21462
21529
21745
21787
21805
22025
22097
22118
22244
22314
22404
22587
22621
22842
22901
22939
22940
22967
23000
23040
23368
23488
23584
23962
23995
24002
24014
24049
24056
24087
24108
24139
24173
24202
24335
24372
24403
24416
24458
24465
24514
24593
24596
24654
24694
24821
24989
25032
25036
25039
25123
25136
25163
25245
25273
25349
25354
25359
25374
25377
25397
25437
25477
25524
25587
25657
25689
25712
25762
25790
25945
25970
26007
26110
26135
26149
26180
26199
26313
26375
26451
26583
26646
26708
26824
26860
26976
27014
27029
27072
27387
27414
27444
27453
27455
27460
27523
27560
27624
27691
27755
27790
27886
27929
28049
28050
28191
28311
28372
28378
28523
28550
28731
28749
28839
28913
28935
28972
28996
29058
29101
29114
29137
29139
29145
29285
29336
29423
29457
29845
29934
29936
29980
29991
30150
30156
30182
30199
30309
30404
30449
30516
30540
30726
30803
30878
31012
31046
31098
31195
31622
31685
31718
31778
31788
31802
31812
31893
31935
31983
32013
32083
32086
32125
32277
32441
32482
32545
32598
32613
32767
32890
32911
32932
33009
33038
33040
33113
33114
33145
33209
33318
33375
33493
33506
33543
33567
33645
33719
33758
33817
33983
33989
34052
34132
34235
34248
34445
34449
34631
34669
34833
34908
35002
35053
35135
35162
35166
35256
35380
35478
35506
35543
35621
35622
35705
35719
35760
35791
35887
36106
36202
36217
36253
36290
36417
36422
36448
36478
36506
36552
36556
36576
36594
36601
36629
36693
36794
36846
36852
37024
37164
37173
37208
37292
37304
37309
37381
37390
37432
37503
37516
37521
37535
37540
37607
37649
37735
37825
37992
38045
38102
38184
38241
38246
38429
38504
38505
38700
38702
38703
38909
38920
38943
38974
39035
39185
39272
39283
39346
39414
39552
39599
39644
39769
39770
39815
39948
40019
40077
40256
40317
40412
40486
40491
40588
40591
40773
40825
40895
40911
40915
41008
41114
41154
41163
41371
41614
41734
41750
41760
41859
41860
41900
41915
41991
42083
42091
42303
42310
42322
42440
42452
42498
42553
42654
42695
42722
42760
42968
42986
43078
43133
43200
43209
43239
43406
43432
43440
43449
43568
43680
43835
44019
44116
44171
44235
44384
44483
44561
44724
44729
44867
44911
44950
45012
45018
45066
45196
45212
45230
45233
45257
45259
45370
45419
45438
45447
45527
45531
45550
45587
45595
45831
45859
45889
45915
45948
45971
46021
46094
46162
46168
46185
46349
46356
46440
46572
46593
46625
46627
46662
46754
46776
46861
46863
46898
46936
46976
47210
47290
47336
47365
47399
47424
47464
47531
47570
47613
47622
47944
47974
47994
48022
48127
48162
48610
48624
48674
48693
48781
48807
48862
48895
48907
48909
48932
49043
49064
49091
49122
49126
49139
49160
49162
49202
49236
49345
49377
49595
49632
49804
49870
49878
49947
50058
50092
50118
50156
50200
50215
50227
50246
50258
50315
50336
50357
50364
50398
50426
50452
50542
50564
50597
50627
50634
50693
50760
50808
50883
50986
50999
51082
51160
51163
51227
51250
51312
51335
51481
51545
51655
51663
51855
51857
51913
52502
52597
52602
52660
52662
52776
52785
52831
52952
53004
53008
53040
53079
53152
53160
53355
53365
53444
53516
53647
53820
53895
53896
53930
53975
53995
54022
54141
54166
54187
54211
54225
54237
54504
54616
54630
54691
54788
54812
54815
54842
54982
55067
55117
55192
55219
55222
55251
55280
55316
55355
55430
55439
55500
55552
55596
55694
55703
55924
56050
56077
56102
56106
56175
56190
56268
56383
56416
56461
56531
56850
56870
56909
56953
56963
56991
57033
57229
57352
57378
57439
57490
57569
57571
57585
57680
57980
58091
58203
58337
58453
58458
58525
58526
58532
58628
58630
58653
58666
58795
58810
58829
58856
59035
59089
59098
59102
59139
59250
59274
59344
59418
59574
59653
59880
60016
60056
60137
60159
60194
60413
60445
60502
60523
60602
60676
60703
60875
60879
60931
60959
61066
61178
61207
61215
61251
61255
61368
61418
61445
61473
61598
61683
61706
61708
61741
61824
62007
62174
62284
62399
62502
62520
62536
62578
62683
62694
62823
62824
62840
63027
63109
63332
63423
63480
63541
63576
63589
63707
63726
63728
63737
63853
63857
63928
64010
64068
64255
64384
64389
64463
64569
64592
64601
64771
64861
65007
65253
65402
65451
65495
65633
65842
65863
65881
65951
66011
66080
66217
66226
66278
66396
66434
66436
66462
66479
66526
66573
66650
66653
66704
66737
66773
66780
66830
66965
67013
67071
67130
67471
67656
67926
68121
68190
68217
68294
68368
68420
68638
68840
68940
68963
69055
69065
69100
69161
69183
69411
69500
69593
69611
69750
69779
69797
69952
69966
70087
70179
70226
70326
70355
70407
70434
70438
70523
70587
70668
70708
70877
70883
70954
71034
71098
71198
71217
71230
71323
71330
71343
71364
71409
71415
71498
71541
71546
71844
71915
72016
72026
72049
72123
72137
72160
72263
72291
72322
72338
72594
72704
72764
72797
72806
72808
72838
73013
73095
73151
73211
73325
73453
73596
73657
73666
73708
73779
73800
73882
74022
74045
74100
74122
74168
74188
74204
74325
74424
74522
74697
74713
74731
74888
74895
74940
75013
75101
75108
75111
75177
75188
75216
75223
75338
75366
75451
75588
75597
75664
75715
75818
75909
75928
75968
75981
76010
76051
76066
76119
76144
76203
76322
76326
76341
76359
76459
76496
76571
76606
76623
76629
76697
76709
76769
76778
76948
77157
77164
77170
77311
77373
77411
77414
77425
77459
77626
77634
77690
77828
77910
77911
77913
77972
78043
78124
78148
78153
78312
78368
78379
78464
78501
78542
78610
78648
78782
78841
78888
78930
78997
79035
79044
79104
79362
79375
79392
79404
79410
79531
79568
79600
79624
79893
80008
80470
80671
80746
80757
80933
80973
80986
81054
81059
81087
81090
81194
81220
81402
81409
81417
81422
81478
81564
81786
81840
81923
82026
82076
82141
82231
82246
82283
82298
82307
82349
82356
82377
82413
82620
82637
82906
82987
83055
83062
83200
83258
83380
83483
83629
83641
83657
83732
83823
83848
83894
84028
84036
84076
84083
84132
84141
84147
84247
84795
84872
84983
85040
85106
85126
85245
85300
85350
85394
85456
85475
85582
85616
85767
85782
85812
85852
85861
85905
86178
86286
86378
86634
86636
86725
87095
87261
87289
87336
87362
87415
87487
87512
87605
87635
87794
87854
87858
87945
87957
88265
88445
88470
88496
88549
88555
88720
88746
88751
88778
88798
88840
88893
89004
89157
89169
89240
89354
89406
89424
89454
89474
89563
89576
89788
89832
89833
89908
90040
90091
90205
90218
90264
90322
90518
90612
90667
90710
90738
90818
90838
90882
91068
91091
91133
91178
91265
91276
91304
91372
91440
91551
91564
91870
91912
91946
92081
92091
92096
92115
92240
92264
92292
92393
92399
92417
92511
92581
92600
92646
92656
92701
92721
92769
92802
92821
92861
93103
93172
93220
93402
93556
93620
93626
93702
93750
93875
93936
94114
94235
94254
94287
94402
94474
94566
94643
94697
94708
94731
94757
94843
94852
94882
94997
95123
95215
95268
95302
95369
95454
95490
95570
95616
95641
95815
96005
96138
96166
96188
96200
96319
96403
96459
96516
96531
96627
96777
96814
96844
96880
96905
97110
97158
97276
97332
97359
97369
97415
97540
97663
97739
97740
97861
98033
98036
98126
98220
98287
98312
98318
98353
98407
98473
98556
98604
98717
98732
98798
98876
99057
99186
99189
99365
99414
99471
99520
99529
99697
99762
99794
99849
99853
99886
99901
99907
99939
100001
100034
100041
100070
100252
100277
100291
100345
100453
100458
100519
100561
100575
100608
100739
100784
101041
101093
101233
101274
101378
101424
101448
101472
101532
101670
101763
101778
101812
101843
101927
101999
102161
102181
102182
102200
102263
102531
102609
102668
102698
102743
102776
102812
102999
103000
103008
103223
103226
103276
103439
103443
103456
103498
103503
103593
103697
103699
103716
103752
103777
103827
103854
103855
103872
103929
103937
103957
104016
104017
104028
104098
104105
104131
104185
104217
104235
104255
104293
104398
104413
104482
104497
104509
104561
104714
104852
104912
105124
105129
105219
105225
105245
105314
105354
105625
105626
105861
105973
106005
106051
106089
106220
106232
106248
106265
106271
106286
106343
106405
106515
106660
106705
106758
106779
106847
106921
106990
107045
107158
107189
107194
107288
107291
107304
107505
107507
107545
107575
107603
107670
107677
107683
107689
107727
107811
107820
107937
107995
108021
108064
108091
108157
108177
108186
108211
108274
108306
108439
108543
108557
108626
108647
108751
108836
108893
108896
109014
109078
109161
109165
109204
109310
109391
109571
109590
109664
109761
109841
109856
110091
110184
110335
110365
110390
110407
110491
110493
110557
110594
110935
110985
110998
111005
111033
111046
111056
111155
111174
111180
111230
111365
111468
111615
111627
111682
111737
111952
111977
112012
112077
112114
112240
112278
112449
112572
112604
112753
112842
112894
112946
113014
113029
113045
113092
113103
113155
113229
113366
113375
113392
113456
113462
113468
113476
113542
113633
113705
113746
113765
113793
114022
114031
114046
114091
114304
114349
114497
114665
114727
114769
115127
115165
115180
115273
115308
115330
115392
115464
115473
115503
115523
115677
115691
115739
115777
115820
115834
115872
116000
116141
116175
116240
116545
116580
116592
116643
116649
116901
116943
117003
117030
117076
117153
117183
117212
117261
117363
117411
117487
117527
117575
117845
117924
117960
117969
117987
118030
118055
118059
118095
118125
118131
118148
118483
118523
118554
118605
118780
118806
118847
118875
118966
119023
119030
119039
119046
119107
119181
119189
119243
119250
119316
119369
119459
119553
119691
119758
119767
119797
119852
119890
119946
119965
119970
120023
120092
120138
120219
120220
120311
120315
120406
120505
120670
120786
120838
120876
120897
120940
120946
120953
120962
120969
121009
121030
121061
121063
121181
121194
121293
121298
121420
121422
121562
121847
121979
121991
122078
122135
122298
122319
122422
122428
122451
122522
122532
122566
122624
122747
122907
122926
122946
122974
123211
123307
123444
123592
123650
123656
123738
123775
123868
123882
123930
123963
124128
124300
124342
124365
124373
124422
124454
124529
124615
124644
124661
124676
124845
125051
125277
125286
125357
125361
125378
125387
125451
125462
125519
125882
125903
125915
125964
125973
126000
126033
126093
126109
126137
126227
126382
126561
126633
126645
126674
126806
126818
126821
126822
126828
126914
126922
127135
127222
127252
127309
127407
127469
127568
127609
127649
127790
127828
128159
128192
128231
128233
128329
128345
128391
128445
128485
128551
128575
128615
128631
128672
128813
128862
128910
128931
128939
129032
129040
129042
129193
129222
129380
129388
129470
129520
129669
129735
129747
129826
129877
129991
130014
130124
130239
130241
130365
130411
130439
130557
130661
130662
130709
130734
130792
130933
130968
131086
131258
131357
131390
131579
131623
131713
131741
131774
131802
131844
131900
131905
131923
131926
131960
131974
132011
132073
132100
132158
132280
132380
132422
132435
132445
132592
132616
132625
132774
132975
132986
132995
133052
133064
133132
133271
133285
133362
133405
133436
133496
133614
133673
133746
133781
133918
133955
134024
134025
