0
1
9
17
25
26
28
30
32
38
40
41
49
51
52
67
69
72
74
75
78
86
88
89
92
99
107
108
110
112
114
118
123
124
125
129
133
143
148
154
158
168
171
189
198
203
209
221
224
225
229
232
233
234
235
236
239
249
257
274
277
278
279
280
281
288
291
294
296
315
320
327
333
335
337
341
342
347
349
350
352
356
357
359
361
376
389
404
405
407
409
416
417
422
427
438
440
446
450
451
454
457
461
462
471
472
473
474
477
479
484
485
490
498
507
513
519
520
523
527
530
531
536
549
552
556
557
564
568
571
577
579
582
585
598
606
609
621
622
627
632
634
636
652
653
654
655
658
663
665
666
671
676
677
686
697
698
703
706
715
721
733
739
740
746
760
769
781
783
788
791
797
800
801
803
811
822
824
835
844
847
852
853
855
860
865
870
871
872
875
886
893
898
899
900
906
908
909
912
923
927
929
933
941
943
944
948
958
961
967
970
974
978
986
994
997
998
1007
1012
1015
1026
1029
1031
1038
1041
1052
1061
1065
1068
1070
1073
1081
1083
1084
1085
1086
1089
1094
1095
1100
1102
1103
1105
1112
1128
1130
1140
1141
1142
1144
1150
1152
1153
1157
1159
1162
1164
1166
1180
1188
1201
1202
1207
1211
1216
1228
1232
1248
1256
1260
1262
1265
1275
1280
1284
1286
1291
1294
1295
1297
1304
1306
1308
1310
1311
1317
1318
1335
1343
1344
1350
1354
1357
1360
1363
1371
1387
1390
1396
1399
1400
1402
1409
1411
1417
1418
1430
1431
1434
1436
1463
1465
1467
1468
1479
1483
1490
1498
1500
1501
1505
1508
1516
1521
1522
1538
1542
1548
1549
1552
1553
1555
1562
1566
1567
1568
1575
1577
1580
1583
1587
1588
1594
1595
1596
1606
1612
1617
1626
1628
1630
1638
1639
1641
1642
1646
1649
1654
1655
1656
1659
1664
1672
1673
1677
1680
1684
1691
1694
1702
1707
1708
1709
1715
1717
1727
1734
1741
1745
1746
1749
1757
1762
1763
1774
1781
1789
1793
1794
1795
1800
1829
1830
1834
1836
1837
1839
1847
1851
1853
1861
1874
1877
1881
1889
1904
1905
1906
1908
1916
1927
1928
1937
1938
1944
1947
1956
1963
1965
1966
1968
1971
1977
1983
1985
1987
1992
1993
1995
1996
2000
2010
2023
2034
2035
2041
2044
2045
2065
2069
2078
2079
2082
2086
2092
2095
2100
2109
2115
2129
2131
2133
2136
2139
2145
2146
2147
2150
2155
2158
2162
2173
2176
2178
2195
2201
2204
2205
2207
2215
2216
2220
2221
2227
2232
2233
2237
2243
2247
2248
2250
2253
2254
2256
2272
2276
2278
2284
2287
2288
2289
2292
2293
2300
2303
2306
2311
2315
2321
2323
2326
2327
2330
2336
2339
2340
2347
2349
2354
2355
2370
2377
2384
2387
2391
2401
2410
2412
2413
2433
2455
2463
2464
2466
2477
2491
2495
2496
2507
2513
2518
2519
2532
2533
2542
2543
2546
2566
2569
2570
2573
2576
2579
2584
2600
2604
2609
2619
2623
2634
2640
2647
2653
2656
2663
2665
2670
2679
2692
2693
2705
2706
2707
2711
2723
2725
2731
2739
2743
2748
2749
2756
2758
2762
2763
2765
2767
2772
2777
2778
2779
2781
2794
2795
2797
2802
2823
2825
2838
2843
2847
2854
2863
2873
2874
2877
2885
2886
2898
2907
2910
2912
2913
2916
2927
2928
2935
2936
2937
2954
2958
2961
2964
2966
2973
2979
2989
2992
2993
2998
3001
3013
3016
3024
3026
3028
3031
3036
3037
3042
3046
3051
3053
3061
3062
3065
3068
3070
3090
3091
3097
3102
3109
3111
3114
3135
3144
3146
3149
3152
3181
3182
3183
3185
3188
3194
3195
3217
3218
3220
3232
3234
3237
3242
3250
3256
3263
3266
3267
3275
3277
3278
3282
3284
3286
3288
3292
3293
3294
3306
3307
3310
3318
3322
3330
3331
3334
3335
3338
3341
3348
3351
3354
3356
3358
3376
3380
3382
3388
3389
3395
3396
3405
3406
3410
3417
3419
3420
3421
3426
3432
3434
3442
3444
3451
3453
3466
3472
3476
3483
3497
3504
3512
3517
3523
3526
3531
3532
3537
3542
3543
3547
3553
3554
3556
3566
3569
3571
3574
3585
3589
3592
3614
3619
3620
3621
3622
3626
3640
3642
3652
3656
3657
3674
3681
3690
3695
3698
3727
3735
3756
3763
3767
3768
3775
3776
3777
3778
3783
3784
3788
3790
3792
3800
3802
3805
3807
3810
3815
3820
3822
3829
3832
3838
3840
3841
3842
3843
3845
3846
3853
3871
3873
3876
3882
3883
3898
3901
3907
3911
3913
3914
3918
3919
3922
3924
3927
3935
3936
3939
3940
3941
3943
3944
3946
3951
3952
3960
3974
3979
3982
3991
3996
3997
3998
4013
4014
4025
4038
4045
4048
4052
4059
4061
4079
4089
4093
4094
4096
4103
4109
4115
4129
4136
4143
4148
4157
4160
4174
4178
4179
4180
4184
4186
4194
4196
4197
4203
4211
4212
4213
4219
4222
4229
4231
4233
4235
4244
4247
4249
4263
4266
4272
4276
4279
4282
4296
4303
4305
4306
4313
4318
4344
4353
4363
4367
4376
4378
4380
4395
4402
4412
4415
4435
4440
4442
4446
4449
4451
4461
4464
4465
4474
4482
4494
4497
4522
4523
4539
4540
4542
4543
4545
4554
4556
4560
4563
4564
4568
4571
4574
4578
4579
4586
4587
4593
4624
4625
4636
4638
4639
4643
4644
4645
4651
4659
4663
4665
4670
4680
4684
4688
4691
4696
4702
4705
4706
4708
4712
4716
4718
4719
4722
4728
4730
4735
4748
4752
4754
4755
4757
4758
4759
4760
4789
4791
4796
4798
4803
4805
4808
4809
4810
4812
4818
4825
4831
4839
4841
4844
4850
4856
4878
4884
4887
4889
4890
4895
4897
4903
4911
4914
4916
4921
4929
4931
4933
4944
4948
4950
4955
4956
4959
4962
4971
4973
4984
4985
4988
4993
5000
5001
5002
5004
5012
5018
5023
5025
5029
5034
5046
5052
5072
5075
5076
5091
5095
5096
5097
5102
5106
5109
5110
5112
5120
5121
5124
5126
5127
5137
5138
5143
5144
5154
5163
5170
5172
5173
5175
5178
5183
5201
5206
5217
5223
5227
5232
5238
5241
5250
5251
5253
5255
5269
5280
5283
5292
5296
5298
5303
5307
5311
5312
5314
5334
5342
5352
5362
5363
5368
5387
5389
5390
5400
5402
5404
5416
5417
5420
5428
5434
5435
5436
5438
5442
5452
5456
5463
5468
5473
5475
5478
5484
5486
5488
5490
5497
5498
5499
5502
5510
5518
5520
5525
5526
5527
5532
5534
5537
5538
5541
5548
5568
5572
5580
5587
5593
5601
5605
5607
5612
5617
5622
5632
5634
5638
5642
5649
5652
5656
5662
5664
5671
5675
5690
5709
5723
5728
5730
5733
5740
5741
5746
5748
5757
5763
5771
5774
5776
5784
5786
5788
5789
5792
5802
5804
5808
5812
5814
5815
5816
5819
5828
5832
5836
5842
5848
5849
5850
5856
5859
5864
5865
5873
5881
5886
5894
5897
5898
5900
5901
5902
5906
5910
5914
5915
5917
5920
5927
5928
5932
5937
5938
5943
5944
5945
5946
5950
5954
5956
5960
5961
5974
5983
5989
5990
6002
6003
6005
6014
6019
6025
6043
6047
6048
6051
6059
6065
6066
6067
6069
6071
6072
6075
6086
6092
6097
6098
6107
6109
6110
6122
6125
6129
6132
6135
6138
6142
6147
6154
6162
6167
6169
6177
6178
6179
6184
6191
6196
6197
6204
6217
6218
6219
6222
6225
6229
6230
6232
6244
6252
6253
6255
6263
6267
6268
6269
6271
6275
6276
6291
6295
6305
6321
6323
6324
6328
6330
6332
6336
6338
6342
6343
6344
6345
6353
6354
6358
6365
6367
6379
6385
6390
6392
6394
6395
6402
6403
6409
6417
6423
6427
6431
6433
6440
6443
6449
6468
6471
6476
6483
6484
6486
6490
6493
6495
6496
6500
6502
6508
6509
6518
6521
6522
6523
6524
6528
6532
6533
6548
6549
6555
6565
6570
6578
6579
6581
6584
6586
6588
6592
6598
6609
6612
6613
6615
6618
6622
6640
6641
6642
6645
6652
6658
6659
6663
6664
6665
6677
6679
6681
6682
6694
6700
6704
6710
6716
6728
6731
6742
6749
6750
6754
6758
6759
6761
6762
6768
6769
6773
6776
6779
6785
6787
6788
6799
6802
6809
6813
6816
6819
6827
6829
6842
6845
6847
6852
6854
6858
6861
6871
6873
6877
6882
6897
6899
6909
6910
6922
6924
6932
6933
6942
6945
6952
6954
6960
6975
6978
6981
6982
6983
6996
7000
7015
7016
7027
7028
7030
7031
7040
7042
7045
7052
7055
7063
7066
7069
7070
7071
7073
7076
7079
7080
7082
7089
7090
7100
7103
7104
7109
7110
7118
7128
7152
7159
7161
7163
7167
7170
7172
7173
7176
7179
7191
7192
7202
7209
7218
7219
7223
7225
7235
7244
7246
7249
7258
7259
7263
7264
7265
7271
7272
7275
7286
7289
7290
7292
7300
7309
7310
7315
7319
7324
7340
7344
7345
7353
7357
7360
7364
7371
7373
7374
7380
7388
7391
7392
7393
7396
7412
7415
7416
7423
7424
7425
7430
7432
7433
7436
7442
7449
7456
7471
7472
7479
7484
7490
7497
7510
7511
7520
7526
7528
7529
7530
7550
7553
7561
7575
7583
7587
7593
7611
7613
7619
7623
7629
7635
7636
7638
7641
7647
7650
7651
7656
7657
7664
7666
7672
7677
7678
7685
7686
7688
7690
7703
7712
7714
7715
7719
7725
7730
7742
7745
7747
7749
7753
7755
7756
7764
7768
7769
7770
7774
7781
7782
7784
7789
7792
7794
7798
7803
7814
7816
7817
7820
7832
7835
7838
7840
7841
7844
7850
7852
7858
7859
7860
7862
7866
7869
7878
7884
7892
7894
7897
7901
7902
7903
7904
7915
7928
7938
7939
7944
7953
7964
7966
7968
7970
7983
7986
7988
7989
7996
8004
8008
8016
8017
8018
8024
8030
8042
8053
8054
8058
8065
8074
8079
8082
8087
8091
8102
8107
8115
8117
8122
8123
8126
8127
8136
8137
8140
8144
8145
8149
8155
8167
8171
8178
8182
8194
8199
8200
8201
8205
8210
8215
8222
8226
8230
8231
8241
8243
8247
8252
8257
8260
8262
8264
8277
8287
8300
8307
8310
8312
8314
8316
8322
8333
8334
8336
8338
8346
8347
8350
8351
8353
8355
8356
8358
8362
8372
8373
8375
8377
8379
8389
8390
8401
8404
8415
8416
8419
8421
8423
8432
8462
8463
8464
8465
8469
8471
8472
8475
8477
8482
8487
8490
8493
8496
8503
8504
8508
8512
8513
8522
8523
8528
8533
8540
8547
8548
8553
8558
8571
8572
8582
8587
8589
8592
8595
8603
8605
8613
8618
8626
8627
8628
8633
8634
8642
8644
8647
8650
8654
8668
8674
8678
8687
8688
8689
8693
8695
8706
8711
8721
8725
8731
8732
8735
8736
8745
8748
8757
8759
8762
8763
8767
8769
8789
8791
8800
8809
8812
8815
8816
8821
8825
8834
8839
8844
8847
8856
8871
8877
8881
8885
8886
8890
8903
8904
8905
8907
8912
8915
8920
8922
8928
8929
8932
8939
8942
8944
8955
8956
8957
8958
8961
8969
8970
8971
8975
8979
8985
8986
8987
8993
8996
9000
9001
9003
9006
9008
9010
9013
9019
9021
9024
9027
9033
9034
9036
9037
9059
9062
9084
9097
9103
9104
9114
9115
9123
9127
9128
9130
9132
9136
9137
9140
9141
9157
9163
9165
9170
9174
9184
9187
9188
9192
9198
9201
9204
9208
9212
9216
9218
9232
9236
9237
9243
9244
9245
9251
9252
9253
9254
9257
9269
9270
9271
9275
9277
9278
9280
9295
9296
9301
9303
9304
9309
9315
9319
9324
9343
9347
9358
9361
9366
9381
9387
9388
9391
9393
9394
9405
9407
9413
9416
9425
9433
9436
9440
9444
9447
9456
9459
9463
9465
9466
9468
9470
9473
9475
9478
9483
9485
9488
9490
9495
9502
9508
9511
9517
9525
9530
9533
9541
9542
9547
9553
9561
9565
9570
9574
9587
9589
9591
9593
9595
9598
9602
9605
9606
9608
9609
9612
9618
9624
9639
9646
9647
9649
9662
9671
9674
9679
9685
9692
9697
9707
9715
9717
9719
9727
9730
9731
9747
9748
9752
9758
9767
9777
9780
9790
9810
9811
9816
9818
9827
9830
9835
9838
9839
9844
9847
9875
9880
9881
9885
9886
9889
9894
9896
9903
9904
9909
9910
