0
1
2
3
7
8
9
10
12
13
14
17
24
25
26
28
30
31
32
35
36
39
40
41
42
44
45
46
49
50
52
54
55
57
60
62
63
64
65
69
72
73
74
75
76
79
82
84
85
87
90
92
93
95
96
97
98
100
103
106
108
109
110
111
112
114
122
124
126
127
128
130
131
132
134
135
136
139
140
143
144
145
147
148
149
150
154
156
157
158
159
160
161
162
166
167
170
175
176
177
179
181
183
184
185
187
192
194
196
200
201
202
203
204
205
207
208
212
214
215
216
218
219
220
221
222
223
224
227
228
229
230
231
232
233
234
236
238
240
241
243
246
250
252
257
260
262
263
269
271
272
273
274
275
276
277
278
284
285
286
287
291
292
293
294
295
296
297
298
299
300
301
302
305
306
309
310
312
314
316
320
321
322
326
327
329
330
331
334
338
339
340
341
343
344
345
346
347
352
359
360
361
367
369
371
372
374
377
378
380
381
385
386
388
389
394
399
400
401
402
404
405
406
409
411
414
416
420
423
424
425
430
433
435
437
438
439
441
442
444
447
448
449
454
455
457
458
460
461
463
466
471
473
476
477
478
479
480
482
483
484
486
490
492
493
495
496
498
499
502
504
505
509
510
514
515
518
520
524
527
528
529
530
533
535
541
544
547
548
551
552
554
555
559
562
563
565
566
568
569
571
572
573
574
577
582
583
584
588
589
593
595
596
597
598
599
600
601
602
603
605
608
609
612
614
617
619
620
622
623
627
628
629
630
631
632
633
634
635
636
637
639
640
641
642
644
645
646
648
649
650
651
653
655
657
662
663
664
665
670
671
675
677
678
679
680
681
685
687
689
692
693
694
696
697
699
702
704
705
708
709
710
711
713
714
718
724
726
727
733
739
741
746
747
750
751
752
753
756
759
760
761
762
765
766
767
772
774
775
778
779
780
781
783
784
785
786
787
788
792
794
798
800
801
802
804
807
811
814
816
817
819
822
824
825
827
828
829
831
834
835
836
837
838
841
842
846
847
848
849
851
852
853
855
856
859
860
861
863
864
865
867
872
873
874
875
876
877
879
882
883
885
886
889
890
892
893
901
902
903
904
906
908
912
914
916
917
918
920
921
922
923
926
927
928
930
931
933
934
935
936
937
938
939
940
942
943
946
949
950
951
952
953
954
955
956
957
959
960
961
963
964
968
970
972
973
974
977
978
981
986
988
990
991
994
997
998
1000
1002
1005
1008
1009
1010
1013
1015
1016
1018
1019
1022
1023
1024
1026
1030
1033
1036
1038
1039
1040
1042
1043
1048
1051
1052
1054
1057
1058
1061
1063
1069
1070
1072
1074
1075
1077
1079
1082
1086
1087
1088
1091
1093
1094
1095
1096
1100
1101
1103
1106
1110
1112
1113
1114
1116
1120
1122
1124
1125
1127
1128
1130
1131
1135
1136
1137
1139
1143
1144
1146
1148
1150
1151
1152
1153
1154
1155
1160
1161
1162
1163
1167
1168
1169
1170
1171
1173
1174
1175
1177
1178
1181
1184
1186
1188
1189
1190
1191
1193
1194
1195
1197
1199
1200
1201
1202
1204
1205
1208
1209
1211
1212
1214
1215
1218
1219
1220
1221
1223
1224
1225
1228
1229
1231
1234
1236
1237
1239
1243
1244
1246
1249
1250
1251
1252
1254
1255
1256
1258
1261
1263
1266
1269
1270
1271
1272
1273
1274
1281
1282
1286
1288
1290
1291
1292
1293
1298
1300
1302
1304
1306
1307
1308
1309
1312
1313
1314
1316
1317
1318
1321
1323
1324
1325
1326
1327
1329
1330
1332
1334
1335
1337
1338
1340
1342
1344
1345
1351
1355
1356
1358
1360
1364
1369
1377
1381
1382
1383
1384
1385
1386
1387
1388
1390
1397
1398
1400
1402
1403
1406
1408
1410
1411
1412
1415
1417
1418
1421
1423
1426
1429
1430
1432
1436
1437
1438
1439
1442
1445
1447
1449
1450
1452
1453
1456
1458
1461
1462
1463
1464
1470
1474
1475
1476
1477
1481
1482
1483
1485
1486
1487
1488
1490
1491
1494
1495
1497
1498
1501
1503
1504
1507
1508
1509
1510
1511
1512
1513
1515
1516
1517
1518
1519
1522
1523
1528
1531
1532
1533
1535
1536
1539
1541
1544
1546
1549
1550
1552
1553
1555
1557
1562
1565
1566
1571
1572
1573
1574
1577
1581
1582
1583
1585
1590
1591
1593
1595
1596
1599
1600
1601
1602
1603
1605
1608
1609
1611
1613
1614
1615
1620
1621
1622
1623
1625
1628
1629
1635
1639
1641
1644
1649
1651
1654
1656
1657
1658
1659
1665
1666
1667
1670
1671
1672
1673
1677
1678
1681
1682
1689
1691
1692
1693
1694
1695
1697
1699
1700
1704
1705
1708
1709
1711
1712
1714
1716
1717
1718
1722
1724
1728
1729
1735
1737
1738
1741
1744
1746
1747
1748
1754
1756
1758
1759
1765
1768
1769
1770
1771
1772
1773
1776
1777
1780
1781
1782
1783
1785
1787
1788
1790
1792
1793
1794
1795
1797
1799
1801
1802
1803
1804
1805
1806
1807
1809
1810
1811
1812
1813
1814
1815
1817
1818
1819
1821
1822
1823
1826
1827
1828
1829
1832
1834
1838
1839
1842
1843
1848
1850
1852
1854
1860
1862
1864
1866
1867
1869
1870
1871
1874
1877
1879
1881
1883
1884
1885
1886
1887
1888
1893
1895
1897
1898
1901
1902
1903
1909
1911
1912
1914
1915
1921
1922
1924
1926
1928
1929
1931
1932
1933
1934
1935
1937
1938
1939
1941
1942
1947
1949
1954
1956
1958
1960
1961
1962
1963
1965
1966
1967
1968
1969
1970
1971
1972
1974
1975
1976
1979
1984
1985
1986
1989
1992
1993
1994
1995
1999
2000
2001
2002
2004
2008
2009
2011
2012
2013
2015
2016
2017
2019
2020
2021
2024
2026
2027
2029
2030
2031
2037
2039
2041
2045
2046
2048
2050
2053
2054
2056
2057
2058
2060
2061
2065
2067
2068
2069
2072
2073
2077
2081
2091
2093
2095
2099
2101
2102
2105
2106
2107
2110
2111
2112
2113
2116
2120
2121
2123
2124
2125
2131
2133
2134
2141
2142
2144
2145
2146
2147
2149
2150
2151
2153
2155
2157
2158
2162
2164
2165
2168
2169
2170
2174
2175
2176
2178
2179
2180
2182
2184
2185
2187
2190
2191
2193
2194
2196
2197
2198
2200
2205
2206
2208
2209
2210
2211
2213
2214
2217
2218
2221
2222
2224
2226
2228
2229
2232
2233
2236
2238
2240
2242
2244
2245
2249
2253
2257
2258
2263
2265
2266
2267
2269
2271
2272
2278
2280
2281
2282
2283
2287
2288
2290
2291
2295
2297
2299
2301
2303
2304
2307
2308
2309
2312
2313
2315
2317
2318
2320
2321
2324
2325
2327
2328
2329
2332
2334
2335
2338
2345
2346
2347
2348
2349
2351
2352
2353
2354
2355
2356
2357
2359
2361
2363
2364
2366
2369
2370
2374
2377
2379
2382
2384
2386
2388
2389
2390
2391
2393
2394
2395
2399
2402
2403
2408
2409
2411
2413
2415
2416
2418
2422
2423
2424
2431
2434
2435
2436
2437
2438
2439
2440
2441
2446
2448
2449
2452
2453
2455
2456
2458
2459
2462
2463
2464
2465
2466
2470
2473
2479
2484
2486
2488
2491
2493
2497
2501
2506
2509
2510
2511
2512
2513
2514
2516
2517
2518
2520
2521
2522
2523
2528
2529
2536
2537
2541
2543
2544
2545
2546
2547
2548
2549
2550
2551
2553
2555
2556
2562
2567
2569
2570
2572
2574
2577
2579
2580
2582
2583
2585
2586
2587
2588
2589
2590
2591
2593
2595
2597
2598
2599
2600
2601
2602
2606
2609
2610
2611
2612
2613
2617
2623
2630
2631
2632
2633
2635
2636
2637
2641
2646
2647
2649
2650
2651
2652
2654
2655
2656
2661
2662
2663
2664
2668
2672
2674
2675
2677
2678
2680
2683
2685
2689
2691
2692
2693
2695
2696
2697
2699
2700
2703
2704
2705
2706
2707
2708
2710
2711
2712
2713
2714
2715
2719
2721
2722
2724
2725
2726
2728
2730
2734
2737
2741
2743
2746
2747
2754
2755
2757
2758
2760
2761
2763
2765
2768
2769
2773
2774
2776
2777
2778
2782
2783
2785
2787
2788
2790
2791
2793
2794
2796
2797
2799
2800
2802
2803
2805
2806
2807
2812
2814
2815
2816
2819
2822
2823
2825
2826
2827
2829
2832
2836
2838
2841
2845
2847
2848
2849
2850
2852
2853
2855
2856
2859
2867
2868
2869
2870
2871
2873
2875
2876
2878
2880
2881
2884
2885
2888
2892
2898
2901
2906
2907
2908
2909
2911
2913
2914
2916
2918
2920
2921
2922
2924
2926
2928
2933
2937
2941
2942
2947
2948
2949
2954
2956
2960
2962
2963
2964
2965
2966
2967
2968
2969
2971
2974
2975
2977
2981
2982
2984
2986
2988
2989
2991
2992
2993
2995
3000
3003
3005
3006
3009
3010
3012
3014
3016
3021
3023
3025
3026
3027
3030
3032
3034
3035
3037
3039
3040
3041
3047
3048
3049
3050
3051
3054
3055
3057
3058
3059
3063
3065
3069
3070
3071
3072
3077
3080
3081
3082
3083
3084
3091
3092
3094
3096
3099
3104
3105
3106
3107
3111
3112
3114
3115
3117
3120
3122
3124
3126
3131
3135
3137
3138
3140
3143
3144
3145
3146
3147
3151
3152
3154
3155
3156
3157
3159
3160
3163
3164
3167
3168
3170
3171
3174
3176
3178
3179
3180
3181
3183
3185
3186
3187
3190
3191
3194
3195
3196
3199
3200
3205
3207
3211
3215
3216
3217
3221
3227
3229
3234
3235
3238
3239
3242
3245
3247
3249
3250
3252
3253
3255
3257
3259
3265
3267
3271
3273
3275
3278
3282
3283
3285
3286
3288
3291
3294
3296
3298
3299
3301
3304
3305
3306
3307
3308
3310
3312
3313
3314
3315
3316
3318
3320
3323
3325
3326
3327
3329
3331
3333
3334
3335
3337
3338
3341
3345
3347
3348
3354
3357
3360
3363
3364
3365
3370
3371
3373
3375
3376
3378
3380
3384
3386
3389
3390
3391
3392
3399
3400
3401
3403
3405
3409
3410
3412
3413
3414
3415
3416
3417
3419
3421
3423
3424
3427
3429
3430
3433
3435
3438
3439
3441
3443
3444
3445
3448
3449
3450
3451
3455
3456
3458
3462
3464
3466
3467
3468
3471
3474
3475
3476
3479
3480
3482
3483
3485
3486
3488
3492
3493
3496
3497
3498
3500
3507
3509
3510
3513
3516
3517
3519
3523
3524
3525
3526
3529
3530
3532
3534
3539
3540
3541
3542
3546
3552
3553
3554
3556
3558
3562
3564
3565
3568
3569
3574
3575
3577
3578
3579
3580
3582
3584
3585
3586
3587
3588
3591
3592
3593
3594
3596
3598
3599
3600
3602
3603
3605
3606
3610
3611
3612
3614
3617
3618
3619
3620
3621
3627
3630
3631
3632
3633
3635
3640
3641
3644
3649
3650
3652
3653
3661
3664
3668
3670
3671
3672
3676
3677
3679
3681
3683
3685
3686
3688
3692
3694
3696
3700
3701
3702
3703
3705
3706
3707
3708
3711
3712
3716
3718
3722
3723
3724
3725
3727
3729
3730
3734
3735
3738
3741
3742
3743
3748
3751
3756
3758
3762
3765
3766
3767
3768
3770
3771
3773
3774
3775
3776
3777
3778
3779
3780
3782
3783
3784
3787
3788
3789
3790
3791
3793
3796
3798
3799
3800
3802
3803
3804
3805
3806
3808
3810
3813
3817
3821
3822
3824
3825
3828
3829
3831
3834
3836
3839
3850
3851
3852
3853
3854
3855
3857
3858
3860
3862
3863
3864
3866
3871
3872
3875
3877
3880
3890
3891
3895
3896
3897
3902
3905
3907
3908
3909
3910
3911
3912
3913
3916
3917
3918
3919
3920
3924
3925
3927
3933
3934
3935
3936
3937
3938
3939
3940
3941
3947
3948
3949
3952
3953
3955
3959
3961
3964
3966
3967
3971
3972
3973
3974
3976
3980
3982
3984
3986
3990
3991
3992
3996
3997
3998
3999
