0
1
4
8
11
12
13
15
20
23
24
27
28
29
33
34
35
36
40
42
43
44
46
49
50
51
53
54
55
59
61
62
64
65
66
67
68
78
82
87
88
90
96
98
99
101
108
109
112
114
122
123
124
126
127
128
132
134
137
138
140
143
145
149
150
151
154
155
156
159
162
165
168
169
171
172
174
176
177
178
181
182
184
188
189
190
191
192
193
196
197
198
211
215
217
221
224
226
227
228
235
236
239
253
254
255
256
258
263
272
275
277
278
284
285
286
290
291
294
298
299
300
301
303
305
306
307
309
311
314
315
316
321
322
323
324
325
326
332
333
335
338
346
352
353
354
355
356
357
365
367
369
371
372
373
374
376
379
381
382
387
394
400
404
409
410
420
423
424
427
431
432
434
436
437
440
441
443
446
447
448
449
451
454
457
458
459
460
470
473
475
476
480
481
483
484
493
494
496
497
498
502
503
511
515
518
519
521
522
524
527
529
532
533
535
536
538
544
546
547
555
556
557
559
567
574
575
576
577
578
579
580
581
588
589
593
599
600
601
602
603
607
612
613
614
616
621
627
630
631
637
638
644
645
646
647
650
651
653
655
656
657
659
663
664
668
671
676
677
685
686
692
696
698
705
708
709
712
713
714
715
717
719
721
723
729
732
733
734
736
740
743
744
746
752
753
754
755
760
761
773
779
785
790
794
797
799
802
803
807
810
811
812
814
816
817
821
826
830
832
834
836
839
844
847
851
852
858
873
874
876
877
879
881
884
887
890
891
897
898
907
915
919
921
922
924
927
931
934
936
939
941
948
950
961
963
964
966
968
971
974
976
978
980
983
985
989
991
992
994
996
997
999
1001
1004
1005
1007
1008
1009
1010
1012
1015
1019
1020
1025
1027
1028
1029
1032
1033
1037
1041
1048
1050
1051
1052
1053
1054
1055
1056
1061
1066
1067
1076
1079
1080
1081
1086
1090
1092
1093
1096
1101
1103
1104
1106
1107
1108
1114
1115
1120
1123
1125
1126
1131
1132
1136
1137
1143
1147
1149
1152
1155
1159
1161
1162
1163
1164
1167
1169
1171
1174
1176
1184
1185
1186
1187
1193
1197
1206
1208
1212
1213
1215
1218
1219
1220
1224
1225
1235
1236
1237
1238
1241
1242
1252
1254
1256
1259
1262
1264
1270
1278
1285
1287
1290
1293
1298
1301
1307
1309
1310
1311
1312
1314
1321
1324
1326
1331
1336
1337
1349
1363
1367
1369
1375
1376
1380
1387
1388
1391
1399
1404
1411
1413
1414
1417
1418
1420
1421
1424
1426
1429
1430
1433
1436
1437
1440
1442
1448
1450
1451
1452
1454
1455
1457
1458
1459
1460
1465
1468
1469
1472
1474
1478
1484
1488
1490
1495
1499
1500
1502
1505
1509
1510
1512
1516
1517
1519
1521
1525
1529
1533
1537
1538
1539
1541
1542
1547
1548
1556
1563
1565
1566
1567
1570
1572
1573
1574
1576
1577
1583
1584
1588
1589
1590
1591
1594
1595
1597
1598
1603
1604
1607
1610
1612
1613
1615
1618
1620
1621
1622
1630
1634
1635
1642
1643
1645
1647
1653
1655
1658
1663
1669
1671
1672
1673
1674
1679
1680
1681
1687
1690
1691
1694
1697
1701
1708
1709
1710
1712
1713
1715
1718
1722
1726
1727
1729
1730
1731
1732
1734
1738
1741
1744
1747
1750
1755
1756
1759
1762
1773
1775
1780
1783
1784
1785
1788
1791
1795
1796
1798
1801
1803
1804
1805
1811
1812
1813
1816
1817
1818
1819
1822
1823
1824
1826
1829
1831
1832
1834
1836
1839
1842
1844
1846
1847
1848
1854
1860
1864
1868
1869
1875
1877
1878
1879
1880
1881
1886
1893
1895
1896
1899
1904
1905
1908
1909
1913
1921
1924
1925
1926
1927
1928
1929
1932
1936
1937
1940
1942
1943
1945
1950
1951
1956
1957
1961
1965
1967
1969
1972
1973
1974
1975
1980
1981
1983
1989
1992
1993
1996
1999
2000
2003
2007
2009
2011
2012
2013
2014
2017
2019
2021
2022
2023
2026
2028
2031
2039
2042
2044
2046
2048
2053
2059
2060
2062
2063
2067
2071
2073
2074
2077
2079
2082
2084
2085
2088
2089
2095
2098
2101
2103
2108
2112
2113
2117
2120
2121
2125
2126
2127
2128
2129
2131
2133
2137
2141
2142
2143
2145
2151
2163
2167
2172
2173
2174
2175
2180
2182
2185
2186
2191
2195
2196
2197
2199
2204
2209
2213
2215
2216
2219
2220
2221
2225
2231
2232
2238
2239
2242
2244
2248
2252
2253
2255
2256
2257
2258
2265
2267
2272
2275
2277
2279
2281
2284
2285
2286
2287
2289
2291
2293
2299
2300
2302
2304
2305
2306
2308
2311
2313
2315
2317
2321
2322
2323
2324
2327
2328
2329
2335
2340
2344
2346
2347
2350
2351
2353
2356
2366
2367
2368
2382
2383
2389
2393
2397
2398
2399
2400
2402
2408
2413
2414
2418
2420
2425
2426
2428
2430
2431
2432
2441
2444
2450
2455
2456
2459
2461
2462
2466
2470
2479
2484
2485
2486
2494
2496
2500
2501
2502
2503
2511
2512
2513
2518
2519
2520
2529
2530
2535
2536
2537
2543
2546
2549
2550
2551
2554
2555
2557
2560
2563
2566
2567
2568
2572
2573
2578
2580
2581
2584
2585
2586
2588
2589
2590
2598
2599
2600
2603
2604
2605
2611
2617
2618
2620
2622
2623
2624
2630
2632
2633
2634
2637
2641
2642
2646
2647
2649
2657
2658
2661
2662
2665
2668
2669
2673
2676
2679
2680
2682
2683
2684
2687
2689
2699
2704
2705
2706
2708
2709
2710
2716
2717
2720
2722
2723
2724
2725
2730
2731
2738
2739
2740
2751
2752
2754
2756
2758
2760
2761
2762
2764
2767
2769
2775
2778
2779
2780
2781
2782
2784
2787
2788
2793
2794
2795
2796
2797
2801
2802
2806
2807
2808
2811
2817
2818
2819
2821
2822
2823
2829
2832
2838
2839
2846
2848
2855
2860
2861
2863
2865
2866
2867
2868
2869
2871
2876
2878
2880
2881
2882
2883
2885
2886
2887
2888
2890
2892
2893
2901
2902
2903
2913
2915
2916
2919
2921
2922
2929
2933
2934
2936
2937
2938
2941
2942
2943
2944
2945
2946
2948
2949
2955
2956
2957
2959
2963
2967
2970
2973
2975
2977
2980
2981
2983
2984
2985
2986
2987
2991
2993
2994
2996
3000
3004
3006
3007
3010
3011
3012
3013
3016
3021
3023
3024
3027
3028
3029
3030
3032
3037
3039
3042
3044
3047
3048
3049
3052
3054
3056
3057
3064
3066
3067
3068
3069
3075
3079
3080
3082
3086
3088
3089
3091
3093
3097
3106
3107
3109
3111
3113
3114
3119
3120
3123
3133
3135
3136
3140
3144
3147
3149
3151
3153
3154
3157
3158
3159
3166
3168
3169
3173
3174
3175
3178
3180
3182
3190
3193
3200
3203
3204
3205
3206
3207
3208
3211
3215
3219
3224
3225
3227
3230
3231
3234
3238
3243
3244
3251
3252
3259
3263
3265
3266
3267
3268
3269
3271
3272
3275
3277
3278
3281
3282
3283
3285
3300
3302
3308
3311
3313
3316
3321
3323
3327
3331
3332
3335
3336
3339
3340
3345
3350
3352
3357
3358
3362
3368
3369
3370
3371
3372
3373
3376
3378
3381
3383
3386
3396
3397
3398
3399
3401
3402
3405
3407
3408
3409
3411
3419
3426
3427
3428
3430
3431
3433
3436
3437
3439
3440
3441
3444
3446
3449
3450
3452
3455
3459
3461
3462
3468
3469
3472
3473
3477
3482
3483
3484
3485
3486
3488
3490
3493
3495
3497
3499
3501
3502
3504
3511
3514
3515
3522
3525
3529
3531
3532
3535
3538
3539
3540
3541
3543
3544
3545
3548
3556
3557
3560
3562
3565
3568
3570
3572
3584
3588
3590
3591
3598
3599
3605
3607
3612
3618
3619
3620
3622
3623
3625
3628
3629
3632
3634
3635
3644
3646
3649
3652
3654
3656
3661
3662
3664
3666
3670
3671
3673
3674
3676
3678
3681
3691
3694
3696
3698
3704
3708
3709
3720
3722
3728
3730
3741
3743
3744
3748
3749
3751
3755
3763
3764
3765
3767
3771
3774
3775
3776
3777
3779
3780
3781
3787
3792
3794
3796
3797
3803
3809
3811
3814
3816
3818
3819
3827
3830
3831
3835
3841
3843
3844
3850
3853
3854
3856
3858
3859
3860
3866
3867
3868
3870
3872
3876
3886
3889
3890
3891
3892
3897
3898
3900
3901
3905
3917
3922
3923
3928
3929
3931
3935
3941
3942
3943
3944
3946
3948
3952
3953
3958
3959
3965
3974
3975
3978
3983
3988
3990
3992
3993
3994
3995
3996
4001
4009
4012
4018
4020
4021
4023
4024
4029
4030
4031
4036
4038
4040
4041
4042
4044
4046
4047
4052
4057
4060
4067
4068
4069
4081
4082
4094
4097
4098
4100
4102
4104
4112
4118
4119
4120
4121
4122
4129
4131
4132
4133
4139
4140
4141
4145
4147
4149
4150
4151
4152
4153
4154
4158
4162
4166
4167
4168
4169
4170
4173
4174
4176
4181
4182
4184
4187
4188
4192
4194
4196
4199
4202
4203
4204
4205
4208
4209
4210
4212
4216
4217
4218
4228
4229
4230
4234
4236
4237
4239
4247
4248
4252
4254
4255
4256
4257
4261
4262
4263
4270
4271
4272
4274
4276
4277
4278
4280
4283
4289
4295
4296
4303
4304
4305
4310
4318
4319
4323
4326
4329
4331
4335
4336
4343
4344
4346
4349
4356
4357
4361
4365
4373
4374
4376
4378
4383
4386
4393
4394
4396
4397
4400
4401
4402
4406
4407
4408
4409
4411
4415
4418
4422
4423
4426
4429
4430
4434
4435
4437
4441
4443
4446
4449
4450
4451
4452
4456
4457
4458
4460
4464
4465
4467
4468
4469
4472
4475
4482
4483
4484
4485
4488
4489
4491
4492
4493
4494
4495
4501
4502
4503
4505
4507
4508
4512
4523
4524
4526
4529
4530
4533
4543
4545
4550
4551
4552
4557
4559
4561
4566
4569
4572
4580
4581
4583
4592
4596
4597
4598
4599
4603
4608
4609
4610
4613
4614
4615
4617
4618
4619
4621
4622
4624
4625
4633
4634
4636
4639
4647
4648
4653
4655
4656
4657
4659
4660
4662
4664
4667
4671
4673
4676
4678
4679
4681
4682
4684
4685
4686
4689
4690
4694
4696
4699
4700
4707
4710
4719
4724
4728
4731
4732
4733
4735
4736
4737
4741
4743
4744
4745
4746
4748
4750
4755
4760
4761
4763
4765
4766
4771
4773
4779
4782
4784
4785
4789
4800
4801
4806
4810
4813
4816
4820
4823
4824
4825
4826
4830
4832
4835
4838
4840
4841
4844
4848
4849
4852
4858
4859
4860
4861
4862
4868
4869
4872
4873
4876
4879
4881
4883
4884
4885
4889
4893
4899
4901
4902
4903
4904
4905
4906
4909
4911
4914
4915
4917
4919
4921
4922
4931
4933
4935
4936
4944
4946
4947
4949
4950
4951
4952
4956
4962
4965
4967
4970
4971
4972
4975
4977
4981
4983
4984
4985
4986
4988
4989
4990
4992
4993
4994
4997
5004
5009
5015
5017
5028
5029
5033
5036
5038
5039
5042
5043
5044
5045
5048
5049
5051
5053
5054
5062
5068
5076
5077
5081
5086
5087
5090
5096
5097
5098
5100
5103
5104
5105
5108
5109
5110
5112
5115
5117
5118
5124
5125
5130
5131
5135
5136
5137
5140
5144
5150
5151
5158
5159
5175
5178
5179
5180
5181
5187
5189
5192
5194
5195
5198
5199
5200
5204
5207
5209
5212
5218
5221
5228
5233
5236
5237
5245
5248
5249
5250
5255
5258
5263
5264
5268
5273
5276
5277
5278
5280
5287
5288
5289
5290
5292
5296
5298
5301
5302
5303
5310
5312
5313
5317
5320
5321
5325
5329
5333
5335
5337
5343
5345
5347
5353
5356
5360
5362
5363
5366
5368
5373
5375
5377
5379
5383
5385
5386
5390
5391
5392
5396
5397
5398
5400
5406
5408
5409
5412
5416
5417
5419
5425
5428
5429
5433
5434
5436
5447
5448
5451
5453
5461
5462
5463
5464
5471
5476
5479
5480
5496
5500
5503
5505
5508
5510
5514
5516
5521
5523
5524
5526
5528
5529
5532
5534
5535
5536
5538
5543
5546
5548
5550
5553
5554
5557
5562
5563
